//seed= 3435973836
n= 10 ;
m= 4 ;
F= 2 ;

omega= 9 ;

Stages_1={ 1 3 4 };
Stages_b={ 2 };

m_o=[ 1 1 2 2 ];
rm=#[ <1,1>: 0, <2,1>: 0, <3,1>: 0, <3,2>: 0, <4,1>: 0, <4,2>: 0 ]#;


B_io=[[{ }{ }{ }{ }][{ }{ }{ }{ }]]; 
B_iob=[[[ 0 0 0 0 0 0 0 0 0 0 ][ 0 0 0 0 0 0 0 0 0 0 ][ 0 0 0 0 0 0 0 0 0 0 ][ 0 0 0 0 0 0 0 0 0 0 ]][[ 0 0 0 0 0 0 0 0 0 0 ][ 0 0 0 0 0 0 0 0 0 0 ][ 0 0 0 0 0 0 0 0 0 0 ][ 0 0 0 0 0 0 0 0 0 0 ]]]; 
S_iob=[[[ 0 0 0 0 0 0 0 0 0 0 ][ 0 0 0 0 0 0 0 0 0 0 ][ 0 0 0 0 0 0 0 0 0 0 ][ 0 0 0 0 0 0 0 0 0 0 ]][[ 0 0 0 0 0 0 0 0 0 0 ][ 0 0 0 0 0 0 0 0 0 0 ][ 0 0 0 0 0 0 0 0 0 0 ][ 0 0 0 0 0 0 0 0 0 0 ]]]; 
B=[ 3 ];


d=[ 99.707 81.3905 52.8622 82.174 64.8702 80.7888 119.342 122.394 105.188 151.748 ];
r=[ 42.7877 0 0 3.58852 9.91998 0 51.8067 23.2275 40.4052 55.2237 ];
w=[ 1.23526 1.36286 1.52704 1.33955 1.72832 2.09319 2.47766 1.62189 2.55196 2.81775 ];
f=[ 1 2 1 2 1 2 1 2 1 2 ];
s=[ 1 1 1 1 1 1 1 1 1 1 ];

rts=[{ 1 2 3 4 }{ 1 2 3 4 }];
p=[[ 11.3904 10.9119 12.6606 17.5571 ][ 16.0613 22.4282 13.9145 24.1519 ]];


tc=[[[ 999999 17.0856 33.4534 999999 ][ 999999 999999 16.3678 35.3587 ][ 999999 999999 999999 18.9909 ][ 999999 999999 999999 999999 ]][[ 999999 999999 57.7342 999999 ][ 999999 999999 33.6423 54.514 ][ 999999 999999 999999 20.8718 ][ 999999 999999 999999 999999 ]]];
