//seed= 3435973836
n= 9 ;
m= 5 ;
F= 3 ;

omega= 9 ;

Stages_1={ 3 5 };
Stages_b={ 1 2 4 };

m_o=[ 2 2 2 2 3 ];
rm=#[ <1,1>: 0, <1,2>: 0, <2,1>: 0, <2,2>: 0, <3,1>: 0, <3,2>: 0, <4,1>: 0, <4,2>: 0, <5,1>: 0, <5,2>: 0, <5,3>: 0 ]#;


B_io=[[{ }{ }{ }{ }{ }][{ }{ }{ }{ }{ }][{ }{ }{ }{ }{ }]]; 
B_iob=[[[ 0 0 0 0 0 0 0 0 0 ][ 0 0 0 0 0 0 0 0 0 ][ 0 0 0 0 0 0 0 0 0 ][ 0 0 0 0 0 0 0 0 0 ][ 0 0 0 0 0 0 0 0 0 ]][[ 0 0 0 0 0 0 0 0 0 ][ 0 0 0 0 0 0 0 0 0 ][ 0 0 0 0 0 0 0 0 0 ][ 0 0 0 0 0 0 0 0 0 ][ 0 0 0 0 0 0 0 0 0 ]][[ 0 0 0 0 0 0 0 0 0 ][ 0 0 0 0 0 0 0 0 0 ][ 0 0 0 0 0 0 0 0 0 ][ 0 0 0 0 0 0 0 0 0 ][ 0 0 0 0 0 0 0 0 0 ]]]; 
S_iob=[[[ 0 0 0 0 0 0 0 0 0 ][ 0 0 0 0 0 0 0 0 0 ][ 0 0 0 0 0 0 0 0 0 ][ 0 0 0 0 0 0 0 0 0 ][ 0 0 0 0 0 0 0 0 0 ]][[ 0 0 0 0 0 0 0 0 0 ][ 0 0 0 0 0 0 0 0 0 ][ 0 0 0 0 0 0 0 0 0 ][ 0 0 0 0 0 0 0 0 0 ][ 0 0 0 0 0 0 0 0 0 ]][[ 0 0 0 0 0 0 0 0 0 ][ 0 0 0 0 0 0 0 0 0 ][ 0 0 0 0 0 0 0 0 0 ][ 0 0 0 0 0 0 0 0 0 ][ 0 0 0 0 0 0 0 0 0 ]]]; 
B=[ 2 3 3 ];


d=[ 90.5374 100.586 89.349 89.269 107.689 95.2186 102.866 92.21 88.657 ];
r=[ 6.63793 16.8099 8.2976 0.673973 0.138445 4.73362 1.61481 1.97633 4.47179 ];
w=[ 1.54758 2.61613 2.86116 2.75001 1.58536 1.94096 2.04993 2.83402 2.36298 ];
f=[ 1 2 3 1 2 3 1 2 3 ];
s=[ 1 1 1 1 1 1 1 1 1 ];

rts=[{ 1 2 3 4 5 }{ 1 2 3 4 5 }{ 1 2 3 4 5 }];
p=[[ 17.4431 15.6734 14.9992 17.7349 13.9003 ][ 14.6268 20.7819 13.0287 22.9003 11.8339 ][ 18.2229 10.7109 21.3965 14.4895 15.0009 ]];


tc=[[[ 999999 26.1646 49.6746 72.1734 98.7758 ][ 999999 999999 23.5101 46.0088 72.6112 ][ 999999 999999 999999 999999 49.1012 ][ 999999 999999 999999 999999 26.6024 ][ 999999 999999 999999 999999 999999 ]][[ 999999 21.9401 999999 72.656 107.006 ][ 999999 999999 31.1729 999999 999999 ][ 999999 999999 999999 19.543 999999 ][ 999999 999999 999999 999999 34.3504 ][ 999999 999999 999999 999999 999999 ]][[ 999999 27.3343 999999 999999 999999 ][ 999999 999999 16.0663 999999 69.8953 ][ 999999 999999 999999 32.0948 53.8289 ][ 999999 999999 999999 999999 999999 ][ 999999 999999 999999 999999 999999 ]]];
