//seed= 3435973836
n= 9 ;
m= 5 ;
F= 3 ;

omega= 9 ;

Stages_1={ 2 5 };
Stages_b={ 1 3 4 };

m_o=[ 3 3 2 3 2 ];
rm=#[ <1,1>: 0, <1,2>: 0, <1,3>: 0, <2,1>: 0, <2,2>: 0, <2,3>: 0, <3,1>: 0, <3,2>: 0, <4,1>: 0, <4,2>: 0, <4,3>: 0, <5,1>: 0, <5,2>: 0 ]#;


B_io=[[{ }{ }{ }{ }{ }][{ }{ }{ }{ }{ }][{ }{ }{ }{ }{ }]]; 
B_iob=[[[ 0 0 0 0 0 0 0 0 0 ][ 0 0 0 0 0 0 0 0 0 ][ 0 0 0 0 0 0 0 0 0 ][ 0 0 0 0 0 0 0 0 0 ][ 0 0 0 0 0 0 0 0 0 ]][[ 0 0 0 0 0 0 0 0 0 ][ 0 0 0 0 0 0 0 0 0 ][ 0 0 0 0 0 0 0 0 0 ][ 0 0 0 0 0 0 0 0 0 ][ 0 0 0 0 0 0 0 0 0 ]][[ 0 0 0 0 0 0 0 0 0 ][ 0 0 0 0 0 0 0 0 0 ][ 0 0 0 0 0 0 0 0 0 ][ 0 0 0 0 0 0 0 0 0 ][ 0 0 0 0 0 0 0 0 0 ]]]; 
S_iob=[[[ 0 0 0 0 0 0 0 0 0 ][ 0 0 0 0 0 0 0 0 0 ][ 0 0 0 0 0 0 0 0 0 ][ 0 0 0 0 0 0 0 0 0 ][ 0 0 0 0 0 0 0 0 0 ]][[ 0 0 0 0 0 0 0 0 0 ][ 0 0 0 0 0 0 0 0 0 ][ 0 0 0 0 0 0 0 0 0 ][ 0 0 0 0 0 0 0 0 0 ][ 0 0 0 0 0 0 0 0 0 ]][[ 0 0 0 0 0 0 0 0 0 ][ 0 0 0 0 0 0 0 0 0 ][ 0 0 0 0 0 0 0 0 0 ][ 0 0 0 0 0 0 0 0 0 ][ 0 0 0 0 0 0 0 0 0 ]]]; 
B=[ 3 2 2 ];


d=[ 119.052 121.95 122.923 132.196 120.172 121.106 111.059 113.621 102.807 ];
r=[ 9.2834 1.10727 4.72874 19.2652 2.67987 12.4181 1.71298 4.87998 8.91241 ];
w=[ 1.42029 2.80257 2.35628 2.27687 1.30313 1.64698 1.58768 1.04379 2.43586 ];
f=[ 1 2 3 1 2 3 1 2 3 ];
s=[ 1 1 1 1 1 1 1 1 1 ];

rts=[{ 1 2 3 4 5 }{ 1 2 3 4 5 }{ 1 2 3 4 5 }];
p=[[ 20.5037 21.2104 16.1539 17.1315 18.7978 ][ 24.6181 24.9813 18.9375 19.7675 15.0352 ][ 20.8817 15.7858 23.5065 14.557 17.49 ]];


tc=[[[ 999999 30.7555 62.5711 86.8019 112.499 ][ 999999 999999 999999 56.0464 81.7437 ][ 999999 999999 999999 24.2308 49.9281 ][ 999999 999999 999999 999999 25.6973 ][ 999999 999999 999999 999999 999999 ]][[ 999999 36.9271 74.399 999999 132.457 ][ 999999 999999 37.4719 999999 999999 ][ 999999 999999 999999 28.4063 999999 ][ 999999 999999 999999 999999 29.6513 ][ 999999 999999 999999 999999 999999 ]][[ 999999 31.3225 55.0013 90.261 112.097 ][ 999999 999999 23.6787 58.9385 80.774 ][ 999999 999999 999999 35.2598 57.0953 ][ 999999 999999 999999 999999 21.8355 ][ 999999 999999 999999 999999 999999 ]]];
