//seed= 3435973836
n= 10 ;
m= 5 ;
F= 2 ;

omega= 9 ;

Stages_1={ 4 };
Stages_b={ 1 2 3 5 };

m_o=[ 2 3 3 3 3 ];
rm=#[ <1,1>: 0, <1,2>: 0, <2,1>: 0, <2,2>: 0, <2,3>: 0, <3,1>: 0, <3,2>: 0, <3,3>: 0, <4,1>: 0, <4,2>: 0, <4,3>: 0, <5,1>: 0, <5,2>: 0, <5,3>: 0 ]#;


B_io=[[{ }{ }{ }{ }{ }][{ }{ }{ }{ }{ }]]; 
B_iob=[[[ 0 0 0 0 0 0 0 0 0 0 ][ 0 0 0 0 0 0 0 0 0 0 ][ 0 0 0 0 0 0 0 0 0 0 ][ 0 0 0 0 0 0 0 0 0 0 ][ 0 0 0 0 0 0 0 0 0 0 ]][[ 0 0 0 0 0 0 0 0 0 0 ][ 0 0 0 0 0 0 0 0 0 0 ][ 0 0 0 0 0 0 0 0 0 0 ][ 0 0 0 0 0 0 0 0 0 0 ][ 0 0 0 0 0 0 0 0 0 0 ]]]; 
S_iob=[[[ 0 0 0 0 0 0 0 0 0 0 ][ 0 0 0 0 0 0 0 0 0 0 ][ 0 0 0 0 0 0 0 0 0 0 ][ 0 0 0 0 0 0 0 0 0 0 ][ 0 0 0 0 0 0 0 0 0 0 ]][[ 0 0 0 0 0 0 0 0 0 0 ][ 0 0 0 0 0 0 0 0 0 0 ][ 0 0 0 0 0 0 0 0 0 0 ][ 0 0 0 0 0 0 0 0 0 0 ][ 0 0 0 0 0 0 0 0 0 0 ]]]; 
B=[ 2 3 3 3 ];


d=[ 93.9586 138.329 103.263 127.188 88.3867 135.063 72.5032 123.816 80.2725 121.307 ];
r=[ 21.8671 23.5057 21.5695 15.12 18.176 23.6677 0.56459 22.6947 6.14237 12.3668 ];
w=[ 2.4308 1.68542 2.7185 1.89766 1.86403 1.40475 1.62576 1.84294 2.53441 1.7472 ];
f=[ 1 2 1 2 1 2 1 2 1 2 ];
s=[ 1 1 1 1 1 1 1 1 1 1 ];

rts=[{ 1 2 3 4 5 }{ 1 2 3 4 5 }];
p=[[ 13.7147 17.1989 16.3218 10.3113 10.5498 ][ 15.6915 20.8597 21.0867 17.9982 20.1694 ]];


tc=[[[ 999999 20.572 999999 999999 999999 ][ 999999 999999 25.7983 50.281 999999 ][ 999999 999999 999999 999999 39.9497 ][ 999999 999999 999999 999999 15.4669 ][ 999999 999999 999999 999999 999999 ]][[ 999999 23.5373 54.8269 86.4569 113.454 ][ 999999 999999 31.2896 62.9196 89.9169 ][ 999999 999999 999999 31.63 58.6273 ][ 999999 999999 999999 999999 26.9973 ][ 999999 999999 999999 999999 999999 ]]];
