//seed= 3435973836
n= 9 ;
m= 5 ;
F= 3 ;

omega= 9 ;

Stages_1={ 2 3 4 };
Stages_b={ 1 5 };

m_o=[ 3 3 2 3 2 ];
rm=#[ <1,1>: 0, <1,2>: 0, <1,3>: 0, <2,1>: 0, <2,2>: 0, <2,3>: 0, <3,1>: 0, <3,2>: 0, <4,1>: 0, <4,2>: 0, <4,3>: 0, <5,1>: 0, <5,2>: 0 ]#;


B_io=[[{ }{ }{ }{ }{ }][{ }{ }{ }{ }{ }][{ }{ }{ }{ }{ }]]; 
B_iob=[[[ 0 0 0 0 0 0 0 0 0 ][ 0 0 0 0 0 0 0 0 0 ][ 0 0 0 0 0 0 0 0 0 ][ 0 0 0 0 0 0 0 0 0 ][ 0 0 0 0 0 0 0 0 0 ]][[ 0 0 0 0 0 0 0 0 0 ][ 0 0 0 0 0 0 0 0 0 ][ 0 0 0 0 0 0 0 0 0 ][ 0 0 0 0 0 0 0 0 0 ][ 0 0 0 0 0 0 0 0 0 ]][[ 0 0 0 0 0 0 0 0 0 ][ 0 0 0 0 0 0 0 0 0 ][ 0 0 0 0 0 0 0 0 0 ][ 0 0 0 0 0 0 0 0 0 ][ 0 0 0 0 0 0 0 0 0 ]]]; 
S_iob=[[[ 0 0 0 0 0 0 0 0 0 ][ 0 0 0 0 0 0 0 0 0 ][ 0 0 0 0 0 0 0 0 0 ][ 0 0 0 0 0 0 0 0 0 ][ 0 0 0 0 0 0 0 0 0 ]][[ 0 0 0 0 0 0 0 0 0 ][ 0 0 0 0 0 0 0 0 0 ][ 0 0 0 0 0 0 0 0 0 ][ 0 0 0 0 0 0 0 0 0 ][ 0 0 0 0 0 0 0 0 0 ]][[ 0 0 0 0 0 0 0 0 0 ][ 0 0 0 0 0 0 0 0 0 ][ 0 0 0 0 0 0 0 0 0 ][ 0 0 0 0 0 0 0 0 0 ][ 0 0 0 0 0 0 0 0 0 ]]]; 
B=[ 3 2 ];


d=[ 113.135 111.83 113.518 83.5944 117.255 123.955 91.4682 108.543 121.886 ];
r=[ 9.88555 4.47397 2.90273 0.338352 10.0484 6.9328 8.09395 13.5357 13.111 ];
w=[ 2.62778 2.40212 1.0694 1.27019 2.99978 1.03458 2.07037 1.20828 2.03714 ];
f=[ 1 2 3 1 2 3 1 2 3 ];
s=[ 1 1 1 1 1 1 1 1 1 ];

rts=[{ 1 2 3 4 5 }{ 1 2 3 4 5 }{ 1 2 3 4 5 }];
p=[[ 13.5109 15.6391 12.7768 20.365 18.6161 ][ 23.6977 17.8319 14.3767 14.1358 16.4538 ][ 19.049 17.8012 24.5014 17.4065 18.5328 ]];


tc=[[[ 999999 20.2664 43.725 62.8902 93.4377 ][ 999999 999999 23.4586 42.6238 73.1713 ][ 999999 999999 999999 19.1652 49.7127 ][ 999999 999999 999999 999999 30.5475 ][ 999999 999999 999999 999999 999999 ]][[ 999999 35.5466 62.2944 83.8594 105.063 ][ 999999 999999 26.7478 48.3128 69.5165 ][ 999999 999999 999999 21.565 42.7687 ][ 999999 999999 999999 999999 21.2037 ][ 999999 999999 999999 999999 999999 ]][[ 999999 28.5735 55.2753 92.0274 118.137 ][ 999999 999999 999999 999999 89.5636 ][ 999999 999999 999999 999999 62.8618 ][ 999999 999999 999999 999999 999999 ][ 999999 999999 999999 999999 999999 ]]];
