//seed= 3435973836
n= 9 ;
m= 5 ;
F= 3 ;

omega= 9 ;

Stages_1={ 5 };
Stages_b={ 1 2 3 4 };

m_o=[ 3 2 2 3 3 ];
rm=#[ <1,1>: 0, <1,2>: 0, <1,3>: 0, <2,1>: 0, <2,2>: 0, <3,1>: 0, <3,2>: 0, <4,1>: 0, <4,2>: 0, <4,3>: 0, <5,1>: 0, <5,2>: 0, <5,3>: 0 ]#;


B_io=[[{ }{ }{ }{ }{ }][{ }{ }{ }{ }{ }][{ }{ }{ }{ }{ }]]; 
B_iob=[[[ 0 0 0 0 0 0 0 0 0 ][ 0 0 0 0 0 0 0 0 0 ][ 0 0 0 0 0 0 0 0 0 ][ 0 0 0 0 0 0 0 0 0 ][ 0 0 0 0 0 0 0 0 0 ]][[ 0 0 0 0 0 0 0 0 0 ][ 0 0 0 0 0 0 0 0 0 ][ 0 0 0 0 0 0 0 0 0 ][ 0 0 0 0 0 0 0 0 0 ][ 0 0 0 0 0 0 0 0 0 ]][[ 0 0 0 0 0 0 0 0 0 ][ 0 0 0 0 0 0 0 0 0 ][ 0 0 0 0 0 0 0 0 0 ][ 0 0 0 0 0 0 0 0 0 ][ 0 0 0 0 0 0 0 0 0 ]]]; 
S_iob=[[[ 0 0 0 0 0 0 0 0 0 ][ 0 0 0 0 0 0 0 0 0 ][ 0 0 0 0 0 0 0 0 0 ][ 0 0 0 0 0 0 0 0 0 ][ 0 0 0 0 0 0 0 0 0 ]][[ 0 0 0 0 0 0 0 0 0 ][ 0 0 0 0 0 0 0 0 0 ][ 0 0 0 0 0 0 0 0 0 ][ 0 0 0 0 0 0 0 0 0 ][ 0 0 0 0 0 0 0 0 0 ]][[ 0 0 0 0 0 0 0 0 0 ][ 0 0 0 0 0 0 0 0 0 ][ 0 0 0 0 0 0 0 0 0 ][ 0 0 0 0 0 0 0 0 0 ][ 0 0 0 0 0 0 0 0 0 ]]]; 
B=[ 2 2 3 3 ];


d=[ 121.366 111.102 112.599 131.067 107.922 130.03 112.96 99.2101 113.276 ];
r=[ 12.7099 10.5247 2.6054 14.6597 11.1972 16.7315 4.89309 10.3043 16.2563 ];
w=[ 1.78794 2.15161 2.3271 1.40254 2.81512 2.53082 1.56937 2.96078 2.1879 ];
f=[ 1 2 3 1 2 3 1 2 3 ];
s=[ 1 1 1 1 1 1 1 1 1 ];

rts=[{ 1 2 3 4 5 }{ 1 2 3 4 5 }{ 1 2 3 4 5 }];
p=[[ 11.7554 11.0598 22.8721 24.419 23.0856 ][ 24.4754 13.3088 11.7738 15.5669 18.0341 ][ 24.1979 24.0464 11.7001 17.8504 18.4014 ]];


tc=[[[ 999999 17.6331 34.2227 68.5309 105.159 ][ 999999 999999 999999 50.8979 87.5264 ][ 999999 999999 999999 34.3082 999999 ][ 999999 999999 999999 999999 36.6285 ][ 999999 999999 999999 999999 999999 ]][[ 999999 36.7131 56.6763 74.3371 97.6875 ][ 999999 999999 19.9632 999999 60.9744 ][ 999999 999999 999999 17.6608 41.0112 ][ 999999 999999 999999 999999 23.3504 ][ 999999 999999 999999 999999 999999 ]][[ 999999 36.2969 72.3665 999999 116.692 ][ 999999 999999 999999 999999 80.3952 ][ 999999 999999 999999 17.5501 44.3256 ][ 999999 999999 999999 999999 26.7755 ][ 999999 999999 999999 999999 999999 ]]];
