//seed= 3435973836
n= 10 ;
m= 5 ;
F= 2 ;

omega= 9 ;

Stages_1={ };
Stages_b={ 1 2 3 4 5 };

m_o=[ 2 2 3 3 3 ];
rm=#[ <1,1>: 0, <1,2>: 0, <2,1>: 0, <2,2>: 0, <3,1>: 0, <3,2>: 0, <3,3>: 0, <4,1>: 0, <4,2>: 0, <4,3>: 0, <5,1>: 0, <5,2>: 0, <5,3>: 0 ]#;


B_io=[[{ }{ }{ }{ }{ }][{ }{ }{ }{ }{ }]]; 
B_iob=[[[ 0 0 0 0 0 0 0 0 0 0 ][ 0 0 0 0 0 0 0 0 0 0 ][ 0 0 0 0 0 0 0 0 0 0 ][ 0 0 0 0 0 0 0 0 0 0 ][ 0 0 0 0 0 0 0 0 0 0 ]][[ 0 0 0 0 0 0 0 0 0 0 ][ 0 0 0 0 0 0 0 0 0 0 ][ 0 0 0 0 0 0 0 0 0 0 ][ 0 0 0 0 0 0 0 0 0 0 ][ 0 0 0 0 0 0 0 0 0 0 ]]]; 
S_iob=[[[ 0 0 0 0 0 0 0 0 0 0 ][ 0 0 0 0 0 0 0 0 0 0 ][ 0 0 0 0 0 0 0 0 0 0 ][ 0 0 0 0 0 0 0 0 0 0 ][ 0 0 0 0 0 0 0 0 0 0 ]][[ 0 0 0 0 0 0 0 0 0 0 ][ 0 0 0 0 0 0 0 0 0 0 ][ 0 0 0 0 0 0 0 0 0 0 ][ 0 0 0 0 0 0 0 0 0 0 ][ 0 0 0 0 0 0 0 0 0 0 ]]]; 
B=[ 3 3 2 3 3 ];


d=[ 132.005 111.021 120.437 132.86 116.077 113.881 124.926 122.526 101.307 115.754 ];
r=[ 27.5944 7.36022 14.4081 30.5322 9.47021 14.9506 15.3921 23.8283 10.0755 34.4888 ];
w=[ 1.02344 1.80297 1.49369 1.44605 2.47426 2.24486 2.43132 2.21834 1.32001 1.39928 ];
f=[ 1 2 1 2 1 2 1 2 1 2 ];
s=[ 1 1 1 1 1 1 1 1 1 1 ];

rts=[{ 1 2 3 4 5 }{ 1 2 3 4 5 }];
p=[[ 22.6978 22.3485 14.0765 16.1119 13.2094 ][ 13.7034 18.4915 18.8721 17.7415 11.4343 ]];


tc=[[[ 999999 999999 67.5695 88.6842 112.852 ][ 999999 999999 33.5228 54.6374 999999 ][ 999999 999999 999999 21.1147 999999 ][ 999999 999999 999999 999999 24.1679 ][ 999999 999999 999999 999999 999999 ]][[ 999999 999999 999999 999999 999999 ][ 999999 999999 999999 56.0453 82.6576 ][ 999999 999999 999999 28.3081 54.9204 ][ 999999 999999 999999 999999 26.6123 ][ 999999 999999 999999 999999 999999 ]]];
