//seed= 3435973836
n= 9 ;
m= 5 ;
F= 3 ;

omega= 9 ;

Stages_1={ 2 3 4 5 };
Stages_b={ 1 };

m_o=[ 2 2 2 2 2 ];
rm=#[ <1,1>: 0, <1,2>: 0, <2,1>: 0, <2,2>: 0, <3,1>: 0, <3,2>: 0, <4,1>: 0, <4,2>: 0, <5,1>: 0, <5,2>: 0 ]#;


B_io=[[{ }{ }{ }{ }{ }][{ }{ }{ }{ }{ }][{ }{ }{ }{ }{ }]]; 
B_iob=[[[ 0 0 0 0 0 0 0 0 0 ][ 0 0 0 0 0 0 0 0 0 ][ 0 0 0 0 0 0 0 0 0 ][ 0 0 0 0 0 0 0 0 0 ][ 0 0 0 0 0 0 0 0 0 ]][[ 0 0 0 0 0 0 0 0 0 ][ 0 0 0 0 0 0 0 0 0 ][ 0 0 0 0 0 0 0 0 0 ][ 0 0 0 0 0 0 0 0 0 ][ 0 0 0 0 0 0 0 0 0 ]][[ 0 0 0 0 0 0 0 0 0 ][ 0 0 0 0 0 0 0 0 0 ][ 0 0 0 0 0 0 0 0 0 ][ 0 0 0 0 0 0 0 0 0 ][ 0 0 0 0 0 0 0 0 0 ]]]; 
S_iob=[[[ 0 0 0 0 0 0 0 0 0 ][ 0 0 0 0 0 0 0 0 0 ][ 0 0 0 0 0 0 0 0 0 ][ 0 0 0 0 0 0 0 0 0 ][ 0 0 0 0 0 0 0 0 0 ]][[ 0 0 0 0 0 0 0 0 0 ][ 0 0 0 0 0 0 0 0 0 ][ 0 0 0 0 0 0 0 0 0 ][ 0 0 0 0 0 0 0 0 0 ][ 0 0 0 0 0 0 0 0 0 ]][[ 0 0 0 0 0 0 0 0 0 ][ 0 0 0 0 0 0 0 0 0 ][ 0 0 0 0 0 0 0 0 0 ][ 0 0 0 0 0 0 0 0 0 ][ 0 0 0 0 0 0 0 0 0 ]]]; 
B=[ 2 ];


d=[ 122.68 109.82 110.194 127.024 92.5731 97.919 117.175 79.9188 110.018 ];
r=[ 18.3234 22.0729 9.13407 8.58157 11.5094 3.89215 6.7796 3.74413 20.2049 ];
w=[ 1.74313 2.2927 2.7668 2.67504 2.87409 2.68079 2.69805 1.93053 2.89056 ];
f=[ 1 2 3 1 2 3 1 2 3 ];
s=[ 1 1 1 1 1 1 1 1 1 ];

rts=[{ 1 2 3 4 5 }{ 1 2 3 4 5 }{ 1 2 3 4 5 }];
p=[[ 21.9927 19.4649 13.7636 16.0461 24.1852 ][ 17.1968 13.6113 14.8316 10.5 15.0379 ][ 12.5842 10.2751 23.3445 11.7598 21.4443 ]];


tc=[[[ 999999 32.989 999999 999999 106.901 ][ 999999 999999 999999 49.8427 999999 ][ 999999 999999 999999 999999 999999 ][ 999999 999999 999999 999999 24.0691 ][ 999999 999999 999999 999999 999999 ]][[ 999999 999999 46.2121 68.4595 999999 ][ 999999 999999 20.4169 42.6642 58.4142 ][ 999999 999999 999999 999999 37.9973 ][ 999999 999999 999999 999999 999999 ][ 999999 999999 999999 999999 999999 ]][[ 999999 18.8763 999999 69.3057 999999 ][ 999999 999999 999999 50.4294 999999 ][ 999999 999999 999999 35.0168 52.6565 ][ 999999 999999 999999 999999 17.6397 ][ 999999 999999 999999 999999 999999 ]]];
