//seed= 3435973836
n= 10 ;
m= 5 ;
F= 2 ;

omega= 9 ;

Stages_1={ 2 };
Stages_b={ 1 3 4 5 };

m_o=[ 3 2 3 2 3 ];
rm=#[ <1,1>: 0, <1,2>: 0, <1,3>: 0, <2,1>: 0, <2,2>: 0, <3,1>: 0, <3,2>: 0, <3,3>: 0, <4,1>: 0, <4,2>: 0, <5,1>: 0, <5,2>: 0, <5,3>: 0 ]#;


B_io=[[{ }{ }{ }{ }{ }][{ }{ }{ }{ }{ }]]; 
B_iob=[[[ 0 0 0 0 0 0 0 0 0 0 ][ 0 0 0 0 0 0 0 0 0 0 ][ 0 0 0 0 0 0 0 0 0 0 ][ 0 0 0 0 0 0 0 0 0 0 ][ 0 0 0 0 0 0 0 0 0 0 ]][[ 0 0 0 0 0 0 0 0 0 0 ][ 0 0 0 0 0 0 0 0 0 0 ][ 0 0 0 0 0 0 0 0 0 0 ][ 0 0 0 0 0 0 0 0 0 0 ][ 0 0 0 0 0 0 0 0 0 0 ]]]; 
S_iob=[[[ 0 0 0 0 0 0 0 0 0 0 ][ 0 0 0 0 0 0 0 0 0 0 ][ 0 0 0 0 0 0 0 0 0 0 ][ 0 0 0 0 0 0 0 0 0 0 ][ 0 0 0 0 0 0 0 0 0 0 ]][[ 0 0 0 0 0 0 0 0 0 0 ][ 0 0 0 0 0 0 0 0 0 0 ][ 0 0 0 0 0 0 0 0 0 0 ][ 0 0 0 0 0 0 0 0 0 0 ][ 0 0 0 0 0 0 0 0 0 0 ]]]; 
B=[ 3 2 3 2 ];


d=[ 94.7311 156.192 135.279 157.026 139.732 143.928 92.5083 131.383 120.838 166.391 ];
r=[ 9.01172 20.8882 28.863 31.9121 35.172 19.5222 2.86169 21.4441 23.1762 38.022 ];
w=[ 2.49261 2.22512 2.03305 2.11731 2.51874 2.66066 2.49482 1.31362 2.01695 2.94779 ];
f=[ 1 2 1 2 1 2 1 2 1 2 ];
s=[ 1 1 1 1 1 1 1 1 1 1 ];

rts=[{ 1 2 3 4 5 }{ 1 2 3 4 5 }];
p=[[ 13.9663 22.5999 16.1945 13.2411 17.4311 ][ 23.0275 20.7828 23.3128 20.4028 17.6507 ]];


tc=[[[ 999999 20.9494 54.8493 79.1411 99.0027 ][ 999999 999999 33.8999 58.1917 78.0533 ][ 999999 999999 999999 24.2918 44.1534 ][ 999999 999999 999999 999999 19.8616 ][ 999999 999999 999999 999999 999999 ]][[ 999999 34.5413 65.7156 100.685 131.289 ][ 999999 999999 31.1743 999999 96.7478 ][ 999999 999999 999999 34.9693 65.5735 ][ 999999 999999 999999 999999 999999 ][ 999999 999999 999999 999999 999999 ]]];
