//seed= 3435973836
n= 9 ;
m= 5 ;
F= 3 ;

omega= 9 ;

Stages_1={ };
Stages_b={ 1 2 3 4 5 };

m_o=[ 3 2 3 3 3 ];
rm=#[ <1,1>: 0, <1,2>: 0, <1,3>: 0, <2,1>: 0, <2,2>: 0, <3,1>: 0, <3,2>: 0, <3,3>: 0, <4,1>: 0, <4,2>: 0, <4,3>: 0, <5,1>: 0, <5,2>: 0, <5,3>: 0 ]#;


B_io=[[{ }{ }{ }{ }{ }][{ }{ }{ }{ }{ }][{ }{ }{ }{ }{ }]]; 
B_iob=[[[ 0 0 0 0 0 0 0 0 0 ][ 0 0 0 0 0 0 0 0 0 ][ 0 0 0 0 0 0 0 0 0 ][ 0 0 0 0 0 0 0 0 0 ][ 0 0 0 0 0 0 0 0 0 ]][[ 0 0 0 0 0 0 0 0 0 ][ 0 0 0 0 0 0 0 0 0 ][ 0 0 0 0 0 0 0 0 0 ][ 0 0 0 0 0 0 0 0 0 ][ 0 0 0 0 0 0 0 0 0 ]][[ 0 0 0 0 0 0 0 0 0 ][ 0 0 0 0 0 0 0 0 0 ][ 0 0 0 0 0 0 0 0 0 ][ 0 0 0 0 0 0 0 0 0 ][ 0 0 0 0 0 0 0 0 0 ]]]; 
S_iob=[[[ 0 0 0 0 0 0 0 0 0 ][ 0 0 0 0 0 0 0 0 0 ][ 0 0 0 0 0 0 0 0 0 ][ 0 0 0 0 0 0 0 0 0 ][ 0 0 0 0 0 0 0 0 0 ]][[ 0 0 0 0 0 0 0 0 0 ][ 0 0 0 0 0 0 0 0 0 ][ 0 0 0 0 0 0 0 0 0 ][ 0 0 0 0 0 0 0 0 0 ][ 0 0 0 0 0 0 0 0 0 ]][[ 0 0 0 0 0 0 0 0 0 ][ 0 0 0 0 0 0 0 0 0 ][ 0 0 0 0 0 0 0 0 0 ][ 0 0 0 0 0 0 0 0 0 ][ 0 0 0 0 0 0 0 0 0 ]]]; 
B=[ 3 3 2 3 2 ];


d=[ 122.884 85.2124 105.12 130.587 100.908 127.702 128.539 85.5671 142.582 ];
r=[ 9.24474 6.74525 5.7142 19.4056 19.2026 9.67645 6.35172 19.702 16.1985 ];
w=[ 2.56392 2.0154 1.90306 1.00355 2.63891 2.12893 2.23434 1.60566 1.36931 ];
f=[ 1 2 3 1 2 3 1 2 3 ];
s=[ 1 1 1 1 1 1 1 1 1 ];

rts=[{ 1 2 3 4 5 }{ 1 2 3 4 5 }{ 1 2 3 4 5 }];
p=[[ 15.6117 22.6626 21.342 21.1748 17.4683 ][ 10.6932 12.5372 12.9884 19.0222 10.343 ][ 21.0326 19.8935 24.1665 16.9317 15.4185 ]];


tc=[[[ 999999 999999 999999 89.4244 121.187 ][ 999999 999999 33.9938 66.0069 999999 ][ 999999 999999 999999 999999 63.7752 ][ 999999 999999 999999 999999 999999 ][ 999999 999999 999999 999999 999999 ]][[ 999999 16.0398 999999 999999 999999 ][ 999999 999999 18.8059 38.2885 999999 ][ 999999 999999 999999 19.4826 48.016 ][ 999999 999999 999999 999999 28.5333 ][ 999999 999999 999999 999999 999999 ]][[ 999999 31.549 999999 999999 999999 ][ 999999 999999 999999 66.0901 91.4876 ][ 999999 999999 999999 999999 61.6473 ][ 999999 999999 999999 999999 25.3975 ][ 999999 999999 999999 999999 999999 ]]];
