//seed= 3435973836
n= 10 ;
m= 4 ;
F= 2 ;

omega= 9 ;

Stages_1={ 1 2 4 };
Stages_b={ 3 };

m_o=[ 1 1 2 1 ];
rm=#[ <1,1>: 0, <2,1>: 0, <3,1>: 0, <3,2>: 0, <4,1>: 0 ]#;


B_io=[[{ }{ }{ }{ }][{ }{ }{ }{ }]]; 
B_iob=[[[ 0 0 0 0 0 0 0 0 0 0 ][ 0 0 0 0 0 0 0 0 0 0 ][ 0 0 0 0 0 0 0 0 0 0 ][ 0 0 0 0 0 0 0 0 0 0 ]][[ 0 0 0 0 0 0 0 0 0 0 ][ 0 0 0 0 0 0 0 0 0 0 ][ 0 0 0 0 0 0 0 0 0 0 ][ 0 0 0 0 0 0 0 0 0 0 ]]]; 
S_iob=[[[ 0 0 0 0 0 0 0 0 0 0 ][ 0 0 0 0 0 0 0 0 0 0 ][ 0 0 0 0 0 0 0 0 0 0 ][ 0 0 0 0 0 0 0 0 0 0 ]][[ 0 0 0 0 0 0 0 0 0 0 ][ 0 0 0 0 0 0 0 0 0 0 ][ 0 0 0 0 0 0 0 0 0 0 ][ 0 0 0 0 0 0 0 0 0 0 ]]]; 
B=[ 3 ];


d=[ 124.586 161.663 161.408 102.296 101.275 101.808 135.998 83.2957 117.679 124.02 ];
r=[ 24.7172 66.535 58.1781 6.88999 0 0 53.7327 0 25.7129 35.7046 ];
w=[ 2.38554 1.30442 1.63706 2.68529 1.20297 2.52326 2.05906 1.52694 2.03785 2.23878 ];
f=[ 1 2 1 2 1 2 1 2 1 2 ];
s=[ 1 1 1 1 1 1 1 1 1 1 ];

rts=[{ 1 2 3 4 }{ 1 2 3 4 }];
p=[[ 24.3234 19.4954 23.7135 14.1647 ][ 20.8828 16.8516 19.9285 20.9846 ]];


tc=[[[ 999999 36.485 65.7282 101.298 ][ 999999 999999 29.2431 64.8134 ][ 999999 999999 999999 35.5703 ][ 999999 999999 999999 999999 ]][[ 999999 31.3242 999999 86.4944 ][ 999999 999999 25.2774 55.1702 ][ 999999 999999 999999 999999 ][ 999999 999999 999999 999999 ]]];
