//seed= 3435973836
n= 10 ;
m= 4 ;
F= 2 ;

omega= 9 ;

Stages_1={ 2 3 4 };
Stages_b={ 1 };

m_o=[ 2 2 1 2 ];
rm=#[ <1,1>: 0, <1,2>: 0, <2,1>: 0, <2,2>: 0, <3,1>: 0, <4,1>: 0, <4,2>: 0 ]#;


B_io=[[{ }{ }{ }{ }][{ }{ }{ }{ }]]; 
B_iob=[[[ 0 0 0 0 0 0 0 0 0 0 ][ 0 0 0 0 0 0 0 0 0 0 ][ 0 0 0 0 0 0 0 0 0 0 ][ 0 0 0 0 0 0 0 0 0 0 ]][[ 0 0 0 0 0 0 0 0 0 0 ][ 0 0 0 0 0 0 0 0 0 0 ][ 0 0 0 0 0 0 0 0 0 0 ][ 0 0 0 0 0 0 0 0 0 0 ]]]; 
S_iob=[[[ 0 0 0 0 0 0 0 0 0 0 ][ 0 0 0 0 0 0 0 0 0 0 ][ 0 0 0 0 0 0 0 0 0 0 ][ 0 0 0 0 0 0 0 0 0 0 ]][[ 0 0 0 0 0 0 0 0 0 0 ][ 0 0 0 0 0 0 0 0 0 0 ][ 0 0 0 0 0 0 0 0 0 0 ][ 0 0 0 0 0 0 0 0 0 0 ]]]; 
B=[ 3 ];


d=[ 77.3634 73.9574 64.4095 92.1188 69.4804 107.061 121.563 112.353 119.352 132.275 ];
r=[ 19.8843 0 0.784493 24.2373 0 45.3665 49.1894 40.5984 56.8704 55.5947 ];
w=[ 1.86959 1.45405 2.40825 1.00234 1.22952 2.59598 2.97285 2.71504 1.82857 1.54035 ];
f=[ 1 2 1 2 1 2 1 2 1 2 ];
s=[ 1 1 1 1 1 1 1 1 1 1 ];

rts=[{ 1 2 3 4 }{ 1 2 3 4 }];
p=[[ 19.2127 11.0851 13.2445 12.5485 ][ 12.2663 15.3332 17.5209 14.2584 ]];


tc=[[[ 999999 28.8191 45.4467 65.3135 ][ 999999 999999 16.6277 36.4945 ][ 999999 999999 999999 19.8668 ][ 999999 999999 999999 999999 ]][[ 999999 18.3994 41.3993 67.6806 ][ 999999 999999 22.9998 49.2812 ][ 999999 999999 999999 999999 ][ 999999 999999 999999 999999 ]]];
