//seed= 3435973836
n= 8 ;
m= 3 ;
F= 2 ;

omega= 9 ;

Stages_1={ 3 };
Stages_b={ 1 2 };

m_o=[ 2 2 2 ];
rm=#[ <1,1>: 0, <1,2>: 0, <2,1>: 0, <2,2>: 0, <3,1>: 0, <3,2>: 0 ]#;


B_io=[[{ }{ }{ }][{ }{ }{ }]]; 
B_iob=[[[ 0 0 0 0 0 0 0 0 ][ 0 0 0 0 0 0 0 0 ][ 0 0 0 0 0 0 0 0 ]][[ 0 0 0 0 0 0 0 0 ][ 0 0 0 0 0 0 0 0 ][ 0 0 0 0 0 0 0 0 ]]]; 
S_iob=[[[ 0 0 0 0 0 0 0 0 ][ 0 0 0 0 0 0 0 0 ][ 0 0 0 0 0 0 0 0 ]][[ 0 0 0 0 0 0 0 0 ][ 0 0 0 0 0 0 0 0 ][ 0 0 0 0 0 0 0 0 ]]]; 
B=[ 2 2 ];


d=[ 82 89 64 75 81 78 70 60 ];
r=[ 27 21 10 20 30 9 23 4 ];
w=[ 1.81331 2.08413 1.50448 1.26667 1.96066 2.78442 2.95994 1.38701 ];
f=[ 1 2 1 2 1 2 1 2 ];
s=[ 1 1 1 1 1 1 1 1 ];

rts=[{ 1 2 3 }{ 1 2 3 }];
p=[[ 21 12 14 ][ 22 21 11 ]];


tc=[[[ 999999 32 50 ][ 999999 999999 18 ][ 999999 999999 999999 ]][[ 999999 33 999999 ][ 999999 999999 32 ][ 999999 999999 999999 ]]];
