//seed= 3435973836
n= 10 ;
m= 4 ;
F= 2 ;

omega= 9 ;

Stages_1={ 2 3 4 };
Stages_b={ 1 };

m_o=[ 2 2 2 2 ];
rm=#[ <1,1>: 0, <1,2>: 0, <2,1>: 0, <2,2>: 0, <3,1>: 0, <3,2>: 0, <4,1>: 0, <4,2>: 0 ]#;


B_io=[[{ }{ }{ }{ }][{ }{ }{ }{ }]]; 
B_iob=[[[ 0 0 0 0 0 0 0 0 0 0 ][ 0 0 0 0 0 0 0 0 0 0 ][ 0 0 0 0 0 0 0 0 0 0 ][ 0 0 0 0 0 0 0 0 0 0 ]][[ 0 0 0 0 0 0 0 0 0 0 ][ 0 0 0 0 0 0 0 0 0 0 ][ 0 0 0 0 0 0 0 0 0 0 ][ 0 0 0 0 0 0 0 0 0 0 ]]]; 
S_iob=[[[ 0 0 0 0 0 0 0 0 0 0 ][ 0 0 0 0 0 0 0 0 0 0 ][ 0 0 0 0 0 0 0 0 0 0 ][ 0 0 0 0 0 0 0 0 0 0 ]][[ 0 0 0 0 0 0 0 0 0 0 ][ 0 0 0 0 0 0 0 0 0 0 ][ 0 0 0 0 0 0 0 0 0 0 ][ 0 0 0 0 0 0 0 0 0 0 ]]]; 
B=[ 3 ];


d=[ 83.1736 89.5204 63.1159 97.1517 96.3232 93.1904 63.5032 84.9101 75.4138 101.794 ];
r=[ 20.9871 23.0855 0 24.6859 32.7722 15.4871 0 1.31842 5.84964 33.6665 ];
w=[ 2.76535 1.92226 1.22 1.61384 1.47381 1.52216 2.45406 2.04386 2.69938 1.292 ];
f=[ 1 2 1 2 1 2 1 2 1 2 ];
s=[ 1 1 1 1 1 1 1 1 1 1 ];

rts=[{ 1 2 3 4 }{ 1 2 3 4 }];
p=[[ 13.5463 12.7893 20.2311 14.8673 ][ 13.8662 24.3836 17.0984 10.6288 ]];


tc=[[[ 999999 20.3195 39.5034 69.85 ][ 999999 999999 19.1839 999999 ][ 999999 999999 999999 30.3467 ][ 999999 999999 999999 999999 ]][[ 999999 999999 57.3747 999999 ][ 999999 999999 36.5753 999999 ][ 999999 999999 999999 25.6475 ][ 999999 999999 999999 999999 ]]];
