//seed= 3435973836
n= 10 ;
m= 4 ;
F= 2 ;

omega= 9 ;

Stages_1={ 2 3 4 };
Stages_b={ 1 };

m_o=[ 2 1 2 2 ];
rm=#[ <1,1>: 0, <1,2>: 0, <2,1>: 0, <3,1>: 0, <3,2>: 0, <4,1>: 0, <4,2>: 0 ]#;


B_io=[[{ }{ }{ }{ }][{ }{ }{ }{ }]]; 
B_iob=[[[ 0 0 0 0 0 0 0 0 0 0 ][ 0 0 0 0 0 0 0 0 0 0 ][ 0 0 0 0 0 0 0 0 0 0 ][ 0 0 0 0 0 0 0 0 0 0 ]][[ 0 0 0 0 0 0 0 0 0 0 ][ 0 0 0 0 0 0 0 0 0 0 ][ 0 0 0 0 0 0 0 0 0 0 ][ 0 0 0 0 0 0 0 0 0 0 ]]]; 
S_iob=[[[ 0 0 0 0 0 0 0 0 0 0 ][ 0 0 0 0 0 0 0 0 0 0 ][ 0 0 0 0 0 0 0 0 0 0 ][ 0 0 0 0 0 0 0 0 0 0 ]][[ 0 0 0 0 0 0 0 0 0 0 ][ 0 0 0 0 0 0 0 0 0 0 ][ 0 0 0 0 0 0 0 0 0 0 ][ 0 0 0 0 0 0 0 0 0 0 ]]]; 
B=[ 3 ];


d=[ 87.9062 106.073 148.303 138.593 84.0491 81.9266 106.093 86.4021 139.43 115.127 ];
r=[ 10.0324 35.7696 71.7421 67.5268 2.94703 8.4692 14.2505 14.1355 47.8276 48.1114 ];
w=[ 2.03816 1.59362 1.11855 2.90252 1.56864 1.13241 2.45187 2.74002 2.947 1.3731 ];
f=[ 1 2 1 2 1 2 1 2 1 2 ];
s=[ 1 1 1 1 1 1 1 1 1 1 ];

rts=[{ 1 2 3 4 }{ 1 2 3 4 }];
p=[[ 23.4026 21.352 18.2516 11.1824 ][ 13.7147 17.1989 16.3218 10.3113 ]];


tc=[[[ 999999 35.1038 67.1318 94.5092 ][ 999999 999999 32.028 59.4054 ][ 999999 999999 999999 999999 ][ 999999 999999 999999 999999 ]][[ 999999 20.572 46.3703 999999 ][ 999999 999999 25.7983 999999 ][ 999999 999999 999999 24.4827 ][ 999999 999999 999999 999999 ]]];
