//seed= 3435973836
n= 10 ;
m= 4 ;
F= 2 ;

omega= 9 ;

Stages_1={ 1 3 4 };
Stages_b={ 2 };

m_o=[ 2 2 1 1 ];
rm=#[ <1,1>: 0, <1,2>: 0, <2,1>: 0, <2,2>: 0, <3,1>: 0, <4,1>: 0 ]#;


B_io=[[{ }{ }{ }{ }][{ }{ }{ }{ }]]; 
B_iob=[[[ 0 0 0 0 0 0 0 0 0 0 ][ 0 0 0 0 0 0 0 0 0 0 ][ 0 0 0 0 0 0 0 0 0 0 ][ 0 0 0 0 0 0 0 0 0 0 ]][[ 0 0 0 0 0 0 0 0 0 0 ][ 0 0 0 0 0 0 0 0 0 0 ][ 0 0 0 0 0 0 0 0 0 0 ][ 0 0 0 0 0 0 0 0 0 0 ]]]; 
S_iob=[[[ 0 0 0 0 0 0 0 0 0 0 ][ 0 0 0 0 0 0 0 0 0 0 ][ 0 0 0 0 0 0 0 0 0 0 ][ 0 0 0 0 0 0 0 0 0 0 ]][[ 0 0 0 0 0 0 0 0 0 0 ][ 0 0 0 0 0 0 0 0 0 0 ][ 0 0 0 0 0 0 0 0 0 0 ][ 0 0 0 0 0 0 0 0 0 0 ]]]; 
B=[ 3 ];


d=[ 120.064 79.6988 91.9203 55.1901 104.815 64.5564 80.5799 87.3093 110.376 54.2512 ];
r=[ 43.195 18.2997 0 0 27.9668 0 0 31.4205 13.4779 0.0954032 ];
w=[ 1.6898 1.80533 1.84354 1.65602 1.78695 1.3669 2.35653 1.34041 1.58547 1.34581 ];
f=[ 1 2 1 2 1 2 1 2 1 2 ];
s=[ 1 1 1 1 1 1 1 1 1 1 ];

rts=[{ 1 2 3 4 }{ 1 2 3 4 }];
p=[[ 23.9196 21.9364 13.6556 16.9602 ][ 15.665 14.557 10.8801 11.8029 ]];


tc=[[[ 999999 999999 68.784 89.2674 ][ 999999 999999 32.9046 53.388 ][ 999999 999999 999999 20.4834 ][ 999999 999999 999999 999999 ]][[ 999999 999999 45.333 61.6531 ][ 999999 999999 999999 999999 ][ 999999 999999 999999 16.3202 ][ 999999 999999 999999 999999 ]]];
