//seed= 3435973836
n= 9 ;
m= 4 ;
F= 3 ;

omega= 9 ;

Stages_1={ 1 2 };
Stages_b={ 3 4 };

m_o=[ 2 3 3 2 ];
rm=#[ <1,1>: 0, <1,2>: 0, <2,1>: 0, <2,2>: 0, <2,3>: 0, <3,1>: 0, <3,2>: 0, <3,3>: 0, <4,1>: 0, <4,2>: 0 ]#;


B_io=[[{ }{ }{ }{ }][{ }{ }{ }{ }][{ }{ }{ }{ }]]; 
B_iob=[[[ 0 0 0 0 0 0 0 0 0 ][ 0 0 0 0 0 0 0 0 0 ][ 0 0 0 0 0 0 0 0 0 ][ 0 0 0 0 0 0 0 0 0 ]][[ 0 0 0 0 0 0 0 0 0 ][ 0 0 0 0 0 0 0 0 0 ][ 0 0 0 0 0 0 0 0 0 ][ 0 0 0 0 0 0 0 0 0 ]][[ 0 0 0 0 0 0 0 0 0 ][ 0 0 0 0 0 0 0 0 0 ][ 0 0 0 0 0 0 0 0 0 ][ 0 0 0 0 0 0 0 0 0 ]]]; 
S_iob=[[[ 0 0 0 0 0 0 0 0 0 ][ 0 0 0 0 0 0 0 0 0 ][ 0 0 0 0 0 0 0 0 0 ][ 0 0 0 0 0 0 0 0 0 ]][[ 0 0 0 0 0 0 0 0 0 ][ 0 0 0 0 0 0 0 0 0 ][ 0 0 0 0 0 0 0 0 0 ][ 0 0 0 0 0 0 0 0 0 ]][[ 0 0 0 0 0 0 0 0 0 ][ 0 0 0 0 0 0 0 0 0 ][ 0 0 0 0 0 0 0 0 0 ][ 0 0 0 0 0 0 0 0 0 ]]]; 
B=[ 3 3 ];


d=[ 80 102 100 91 115 100 108 115 72 ];
r=[ 4 3 25 10 16 16 19 6 6 ];
w=[ 1.88884 2.96711 2.79112 2.40511 1.04643 2.55153 2.91401 1.80614 1.64421 ];
f=[ 1 2 3 1 2 3 1 2 3 ];
s=[ 1 1 1 1 1 1 1 1 1 ];

rts=[{ 1 2 3 4 }{ 1 2 3 4 }{ 1 2 3 4 }];
p=[[ 12 20 16 24 ][ 25 15 21 24 ][ 20 14 12 19 ]];


tc=[[[ 999999 999999 999999 72 ][ 999999 999999 30 999999 ][ 999999 999999 999999 24 ][ 999999 999999 999999 999999 ]][[ 999999 999999 999999 999999 ][ 999999 999999 23 54 ][ 999999 999999 999999 999999 ][ 999999 999999 999999 999999 ]][[ 999999 30 999999 69 ][ 999999 999999 21 999999 ][ 999999 999999 999999 999999 ][ 999999 999999 999999 999999 ]]];
