//seed= 3435973836
n= 10 ;
m= 5 ;
F= 2 ;

omega= 9 ;

Stages_1={ 2 };
Stages_b={ 1 3 4 5 };

m_o=[ 2 3 2 3 3 ];
rm=#[ <1,1>: 0, <1,2>: 0, <2,1>: 0, <2,2>: 0, <2,3>: 0, <3,1>: 0, <3,2>: 0, <4,1>: 0, <4,2>: 0, <4,3>: 0, <5,1>: 0, <5,2>: 0, <5,3>: 0 ]#;


B_io=[[{ }{ }{ }{ }{ }][{ }{ }{ }{ }{ }]]; 
B_iob=[[[ 0 0 0 0 0 0 0 0 0 0 ][ 0 0 0 0 0 0 0 0 0 0 ][ 0 0 0 0 0 0 0 0 0 0 ][ 0 0 0 0 0 0 0 0 0 0 ][ 0 0 0 0 0 0 0 0 0 0 ]][[ 0 0 0 0 0 0 0 0 0 0 ][ 0 0 0 0 0 0 0 0 0 0 ][ 0 0 0 0 0 0 0 0 0 0 ][ 0 0 0 0 0 0 0 0 0 0 ][ 0 0 0 0 0 0 0 0 0 0 ]]]; 
S_iob=[[[ 0 0 0 0 0 0 0 0 0 0 ][ 0 0 0 0 0 0 0 0 0 0 ][ 0 0 0 0 0 0 0 0 0 0 ][ 0 0 0 0 0 0 0 0 0 0 ][ 0 0 0 0 0 0 0 0 0 0 ]][[ 0 0 0 0 0 0 0 0 0 0 ][ 0 0 0 0 0 0 0 0 0 0 ][ 0 0 0 0 0 0 0 0 0 0 ][ 0 0 0 0 0 0 0 0 0 0 ][ 0 0 0 0 0 0 0 0 0 0 ]]]; 
B=[ 3 3 3 2 ];


d=[ 132.142 90.2307 111.438 105.988 99.6967 121.62 135.877 99.7066 96.2956 97.5348 ];
r=[ 24.3723 3.50526 16.0064 26.5585 4.54297 19.5912 28.388 12.1195 5.00518 9.05471 ];
w=[ 2.63831 1.30507 2.4251 1.49788 2.62619 2.09595 1.98611 2.40722 1.40662 2.60754 ];
f=[ 1 2 1 2 1 2 1 2 1 2 ];
s=[ 1 1 1 1 1 1 1 1 1 1 ];

rts=[{ 1 2 3 4 5 }{ 1 2 3 4 5 }];
p=[[ 16.8741 22.2412 11.6481 17.1827 20.9491 ][ 14.7392 21.7631 12.6202 12.1193 18.0695 ]];


tc=[[[ 999999 25.3112 999999 999999 101.919 ][ 999999 999999 33.3618 999999 76.608 ][ 999999 999999 999999 17.4722 999999 ][ 999999 999999 999999 999999 999999 ][ 999999 999999 999999 999999 999999 ]][[ 999999 22.1088 54.7533 999999 91.8626 ][ 999999 999999 32.6446 51.5749 69.7539 ][ 999999 999999 999999 18.9303 37.1093 ][ 999999 999999 999999 999999 18.179 ][ 999999 999999 999999 999999 999999 ]]];
