//seed= 3435973836
n= 8 ;
m= 3 ;
F= 2 ;

omega= 9 ;

Stages_1={ 3 };
Stages_b={ 1 2 };

m_o=[ 3 3 2 ];
rm=#[ <1,1>: 0, <1,2>: 0, <1,3>: 0, <2,1>: 0, <2,2>: 0, <2,3>: 0, <3,1>: 0, <3,2>: 0 ]#;


B_io=[[{ }{ }{ }][{ }{ }{ }]]; 
B_iob=[[[ 0 0 0 0 0 0 0 0 ][ 0 0 0 0 0 0 0 0 ][ 0 0 0 0 0 0 0 0 ]][[ 0 0 0 0 0 0 0 0 ][ 0 0 0 0 0 0 0 0 ][ 0 0 0 0 0 0 0 0 ]]]; 
S_iob=[[[ 0 0 0 0 0 0 0 0 ][ 0 0 0 0 0 0 0 0 ][ 0 0 0 0 0 0 0 0 ]][[ 0 0 0 0 0 0 0 0 ][ 0 0 0 0 0 0 0 0 ][ 0 0 0 0 0 0 0 0 ]]]; 
B=[ 3 2 ];


d=[ 71 77 85 68 70 70 64 90 ];
r=[ 12 16 19 15 13 13 0 21 ];
w=[ 1.7605 2.3305 1.37846 1.37955 2.29582 1.45964 1.6001 2.97302 ];
f=[ 1 2 1 2 1 2 1 2 ];
s=[ 1 1 1 1 1 1 1 1 ];

rts=[{ 1 2 3 }{ 1 2 3 }];
p=[[ 21 22 12 ][ 18 18 17 ]];


tc=[[[ 999999 32 65 ][ 999999 999999 33 ][ 999999 999999 999999 ]][[ 999999 27 54 ][ 999999 999999 27 ][ 999999 999999 999999 ]]];
