//seed= 3435973836
n= 8 ;
m= 3 ;
F= 2 ;

omega= 9 ;

Stages_1={ 3 };
Stages_b={ 1 2 };

m_o=[ 2 3 2 ];
rm=#[ <1,1>: 0, <1,2>: 0, <2,1>: 0, <2,2>: 0, <2,3>: 0, <3,1>: 0, <3,2>: 0 ]#;


B_io=[[{ }{ }{ }][{ }{ }{ }]]; 
B_iob=[[[ 0 0 0 0 0 0 0 0 ][ 0 0 0 0 0 0 0 0 ][ 0 0 0 0 0 0 0 0 ]][[ 0 0 0 0 0 0 0 0 ][ 0 0 0 0 0 0 0 0 ][ 0 0 0 0 0 0 0 0 ]]]; 
S_iob=[[[ 0 0 0 0 0 0 0 0 ][ 0 0 0 0 0 0 0 0 ][ 0 0 0 0 0 0 0 0 ]][[ 0 0 0 0 0 0 0 0 ][ 0 0 0 0 0 0 0 0 ][ 0 0 0 0 0 0 0 0 ]]]; 
B=[ 3 3 ];


d=[ 53 73 54 76 61 62 63 62 ];
r=[ 4 13 4 16 8 7 18 1 ];
w=[ 2.17695 1.40115 1.49162 1.44791 1.3978 1.17754 2.04719 1.35171 ];
f=[ 1 2 1 2 1 2 1 2 ];
s=[ 1 1 1 1 1 1 1 1 ];

rts=[{ 1 2 3 }{ 1 2 3 }];
p=[[ 13 17 13 ][ 12 21 15 ]];


tc=[[[ 999999 20 45 ][ 999999 999999 26 ][ 999999 999999 999999 ]][[ 999999 18 50 ][ 999999 999999 999999 ][ 999999 999999 999999 ]]];
