//seed= 3435973836
n= 10 ;
m= 4 ;
F= 2 ;

omega= 9 ;

Stages_1={ 2 3 4 };
Stages_b={ 1 };

m_o=[ 1 2 2 2 ];
rm=#[ <1,1>: 0, <2,1>: 0, <2,2>: 0, <3,1>: 0, <3,2>: 0, <4,1>: 0, <4,2>: 0 ]#;


B_io=[[{ }{ }{ }{ }][{ }{ }{ }{ }]]; 
B_iob=[[[ 0 0 0 0 0 0 0 0 0 0 ][ 0 0 0 0 0 0 0 0 0 0 ][ 0 0 0 0 0 0 0 0 0 0 ][ 0 0 0 0 0 0 0 0 0 0 ]][[ 0 0 0 0 0 0 0 0 0 0 ][ 0 0 0 0 0 0 0 0 0 0 ][ 0 0 0 0 0 0 0 0 0 0 ][ 0 0 0 0 0 0 0 0 0 0 ]]]; 
S_iob=[[[ 0 0 0 0 0 0 0 0 0 0 ][ 0 0 0 0 0 0 0 0 0 0 ][ 0 0 0 0 0 0 0 0 0 0 ][ 0 0 0 0 0 0 0 0 0 0 ]][[ 0 0 0 0 0 0 0 0 0 0 ][ 0 0 0 0 0 0 0 0 0 0 ][ 0 0 0 0 0 0 0 0 0 0 ][ 0 0 0 0 0 0 0 0 0 0 ]]]; 
B=[ 3 ];


d=[ 109.26 125.614 138.03 105.228 106.676 147.665 110.141 108.31 84.9956 96.2766 ];
r=[ 36.6073 35.7137 62.5354 0 30.6699 59.0487 38.9839 0 0 0 ];
w=[ 1.80149 2.49299 2.06335 1.83567 2.49518 1.22322 2.74235 1.21416 2.97369 2.922 ];
f=[ 1 2 1 2 1 2 1 2 1 2 ];
s=[ 1 1 1 1 1 1 1 1 1 1 ];

rts=[{ 1 2 3 4 }{ 1 2 3 4 }];
p=[[ 23.1692 11.4217 17.1362 16.4514 ][ 21.906 23.7954 19.2637 21.4783 ]];


tc=[[[ 999999 999999 51.8863 77.5906 ][ 999999 999999 17.1325 42.8369 ][ 999999 999999 999999 999999 ][ 999999 999999 999999 999999 ]][[ 999999 32.859 68.5522 999999 ][ 999999 999999 35.6932 999999 ][ 999999 999999 999999 999999 ][ 999999 999999 999999 999999 ]]];
