//seed= 3435973836
n= 10 ;
m= 4 ;
F= 2 ;

omega= 9 ;

Stages_1={ 1 3 4 };
Stages_b={ 2 };

m_o=[ 1 1 2 1 ];
rm=#[ <1,1>: 0, <2,1>: 0, <3,1>: 0, <3,2>: 0, <4,1>: 0 ]#;


B_io=[[{ }{ }{ }{ }][{ }{ }{ }{ }]]; 
B_iob=[[[ 0 0 0 0 0 0 0 0 0 0 ][ 0 0 0 0 0 0 0 0 0 0 ][ 0 0 0 0 0 0 0 0 0 0 ][ 0 0 0 0 0 0 0 0 0 0 ]][[ 0 0 0 0 0 0 0 0 0 0 ][ 0 0 0 0 0 0 0 0 0 0 ][ 0 0 0 0 0 0 0 0 0 0 ][ 0 0 0 0 0 0 0 0 0 0 ]]]; 
S_iob=[[[ 0 0 0 0 0 0 0 0 0 0 ][ 0 0 0 0 0 0 0 0 0 0 ][ 0 0 0 0 0 0 0 0 0 0 ][ 0 0 0 0 0 0 0 0 0 0 ]][[ 0 0 0 0 0 0 0 0 0 0 ][ 0 0 0 0 0 0 0 0 0 0 ][ 0 0 0 0 0 0 0 0 0 0 ][ 0 0 0 0 0 0 0 0 0 0 ]]]; 
B=[ 3 ];


d=[ 110.493 79.3374 82.9645 97.154 157.274 104.335 148.236 94.9825 109.583 87.7083 ];
r=[ 13.0559 1.82421 3.8697 27.8326 73.5646 33.5311 67.6612 21.3105 13.7231 0 ];
w=[ 1.17832 1.14349 1.41132 2.16169 2.62251 1.22378 2.98605 1.23706 1.17225 1.58885 ];
f=[ 1 2 1 2 1 2 1 2 1 2 ];
s=[ 1 1 1 1 1 1 1 1 1 1 ];

rts=[{ 1 2 3 4 }{ 1 2 3 4 }];
p=[[ 15.0962 19.7038 22.1557 21.373 ][ 12.7425 18.2868 19.37 18.783 ]];


tc=[[[ 999999 22.6442 52.1999 85.4335 ][ 999999 999999 29.5557 62.7893 ][ 999999 999999 999999 33.2336 ][ 999999 999999 999999 999999 ]][[ 999999 19.1138 999999 75.599 ][ 999999 999999 999999 56.4852 ][ 999999 999999 999999 29.055 ][ 999999 999999 999999 999999 ]]];
