//seed= 3435973836
n= 9 ;
m= 5 ;
F= 3 ;

omega= 9 ;

Stages_1={ 2 };
Stages_b={ 1 3 4 5 };

m_o=[ 2 2 3 3 2 ];
rm=#[ <1,1>: 0, <1,2>: 0, <2,1>: 0, <2,2>: 0, <3,1>: 0, <3,2>: 0, <3,3>: 0, <4,1>: 0, <4,2>: 0, <4,3>: 0, <5,1>: 0, <5,2>: 0 ]#;


B_io=[[{ }{ }{ }{ }{ }][{ }{ }{ }{ }{ }][{ }{ }{ }{ }{ }]]; 
B_iob=[[[ 0 0 0 0 0 0 0 0 0 ][ 0 0 0 0 0 0 0 0 0 ][ 0 0 0 0 0 0 0 0 0 ][ 0 0 0 0 0 0 0 0 0 ][ 0 0 0 0 0 0 0 0 0 ]][[ 0 0 0 0 0 0 0 0 0 ][ 0 0 0 0 0 0 0 0 0 ][ 0 0 0 0 0 0 0 0 0 ][ 0 0 0 0 0 0 0 0 0 ][ 0 0 0 0 0 0 0 0 0 ]][[ 0 0 0 0 0 0 0 0 0 ][ 0 0 0 0 0 0 0 0 0 ][ 0 0 0 0 0 0 0 0 0 ][ 0 0 0 0 0 0 0 0 0 ][ 0 0 0 0 0 0 0 0 0 ]]]; 
S_iob=[[[ 0 0 0 0 0 0 0 0 0 ][ 0 0 0 0 0 0 0 0 0 ][ 0 0 0 0 0 0 0 0 0 ][ 0 0 0 0 0 0 0 0 0 ][ 0 0 0 0 0 0 0 0 0 ]][[ 0 0 0 0 0 0 0 0 0 ][ 0 0 0 0 0 0 0 0 0 ][ 0 0 0 0 0 0 0 0 0 ][ 0 0 0 0 0 0 0 0 0 ][ 0 0 0 0 0 0 0 0 0 ]][[ 0 0 0 0 0 0 0 0 0 ][ 0 0 0 0 0 0 0 0 0 ][ 0 0 0 0 0 0 0 0 0 ][ 0 0 0 0 0 0 0 0 0 ][ 0 0 0 0 0 0 0 0 0 ]]]; 
B=[ 2 2 2 2 ];


d=[ 124.225 113.44 83.8459 112.851 107.143 82.3904 124.447 104.618 73.3486 ];
r=[ 11.4142 7.25009 3.85921 7.6068 14.7889 14.0041 9.06302 3.04666 1.18037 ];
w=[ 2.51633 2.37639 2.84113 2.49218 2.24036 2.2216 1.99905 2.85703 2.65132 ];
f=[ 1 2 3 1 2 3 1 2 3 ];
s=[ 1 1 1 1 1 1 1 1 1 ];

rts=[{ 1 2 3 4 5 }{ 1 2 3 4 5 }{ 1 2 3 4 5 }];
p=[[ 17.6426 24.9713 11.2242 19.4356 20.3334 ][ 15.3651 23.8949 12.0673 23.0466 12.4413 ][ 10.616 11.7227 15.3234 11.4855 18.4127 ]];


tc=[[[ 999999 26.4639 63.9209 80.7572 109.911 ][ 999999 999999 999999 999999 999999 ][ 999999 999999 999999 999999 45.9896 ][ 999999 999999 999999 999999 29.1534 ][ 999999 999999 999999 999999 999999 ]][[ 999999 999999 999999 76.9909 111.561 ][ 999999 999999 999999 999999 88.5132 ][ 999999 999999 999999 18.101 52.6709 ][ 999999 999999 999999 999999 999999 ][ 999999 999999 999999 999999 999999 ]][[ 999999 15.924 33.5081 999999 73.7214 ][ 999999 999999 17.5841 40.5692 999999 ][ 999999 999999 999999 999999 40.2133 ][ 999999 999999 999999 999999 17.2282 ][ 999999 999999 999999 999999 999999 ]]];
