//seed= 3435973836
n= 10 ;
m= 4 ;
F= 2 ;

omega= 9 ;

Stages_1={ 1 3 4 };
Stages_b={ 2 };

m_o=[ 2 1 1 1 ];
rm=#[ <1,1>: 0, <1,2>: 0, <2,1>: 0, <3,1>: 0, <4,1>: 0 ]#;


B_io=[[{ }{ }{ }{ }][{ }{ }{ }{ }]]; 
B_iob=[[[ 0 0 0 0 0 0 0 0 0 0 ][ 0 0 0 0 0 0 0 0 0 0 ][ 0 0 0 0 0 0 0 0 0 0 ][ 0 0 0 0 0 0 0 0 0 0 ]][[ 0 0 0 0 0 0 0 0 0 0 ][ 0 0 0 0 0 0 0 0 0 0 ][ 0 0 0 0 0 0 0 0 0 0 ][ 0 0 0 0 0 0 0 0 0 0 ]]]; 
S_iob=[[[ 0 0 0 0 0 0 0 0 0 0 ][ 0 0 0 0 0 0 0 0 0 0 ][ 0 0 0 0 0 0 0 0 0 0 ][ 0 0 0 0 0 0 0 0 0 0 ]][[ 0 0 0 0 0 0 0 0 0 0 ][ 0 0 0 0 0 0 0 0 0 0 ][ 0 0 0 0 0 0 0 0 0 0 ][ 0 0 0 0 0 0 0 0 0 0 ]]]; 
B=[ 3 ];


d=[ 69.0682 107.173 129.365 77.941 118.931 113.467 122.089 76.131 93.0642 78.8187 ];
r=[ 0 29.4096 60.0286 1.33941 43.2658 34.5797 48.3993 0 21.4407 0 ];
w=[ 2.4386 1.25407 2.26345 2.39609 1.75043 1.66767 2.42951 1.24878 1.39192 1.41613 ];
f=[ 1 2 1 2 1 2 1 2 1 2 ];
s=[ 1 1 1 1 1 1 1 1 1 1 ];

rts=[{ 1 2 3 4 }{ 1 2 3 4 }];
p=[[ 11.515 12.6918 20.0075 23.4018 ][ 17.5459 12.724 18.0759 15.0173 ]];


tc=[[[ 999999 17.2725 999999 66.3215 ][ 999999 999999 19.0378 49.0491 ][ 999999 999999 999999 30.0113 ][ 999999 999999 999999 999999 ]][[ 999999 26.3189 45.4049 72.5187 ][ 999999 999999 19.086 999999 ][ 999999 999999 999999 999999 ][ 999999 999999 999999 999999 ]]];
