//seed= 3435973836
n= 10 ;
m= 4 ;
F= 2 ;

omega= 9 ;

Stages_1={ 1 2 4 };
Stages_b={ 3 };

m_o=[ 1 1 2 1 ];
rm=#[ <1,1>: 0, <2,1>: 0, <3,1>: 0, <3,2>: 0, <4,1>: 0 ]#;


B_io=[[{ }{ }{ }{ }][{ }{ }{ }{ }]]; 
B_iob=[[[ 0 0 0 0 0 0 0 0 0 0 ][ 0 0 0 0 0 0 0 0 0 0 ][ 0 0 0 0 0 0 0 0 0 0 ][ 0 0 0 0 0 0 0 0 0 0 ]][[ 0 0 0 0 0 0 0 0 0 0 ][ 0 0 0 0 0 0 0 0 0 0 ][ 0 0 0 0 0 0 0 0 0 0 ][ 0 0 0 0 0 0 0 0 0 0 ]]]; 
S_iob=[[[ 0 0 0 0 0 0 0 0 0 0 ][ 0 0 0 0 0 0 0 0 0 0 ][ 0 0 0 0 0 0 0 0 0 0 ][ 0 0 0 0 0 0 0 0 0 0 ]][[ 0 0 0 0 0 0 0 0 0 0 ][ 0 0 0 0 0 0 0 0 0 0 ][ 0 0 0 0 0 0 0 0 0 0 ][ 0 0 0 0 0 0 0 0 0 0 ]]]; 
B=[ 3 ];


d=[ 101.819 92.1172 89.2106 140.337 100.838 145.364 133.388 96.0933 129.241 152.711 ];
r=[ 26.5199 8.0649 8.43163 54.7999 21.5662 44.6229 45.6849 7.91987 38.7967 67.4774 ];
w=[ 2.27723 2.21906 2.73604 2.82465 2.51979 1.51366 2.29127 1.06065 1.64715 2.78558 ];
f=[ 1 2 1 2 1 2 1 2 1 2 ];
s=[ 1 1 1 1 1 1 1 1 1 1 ];

rts=[{ 1 2 3 4 }{ 1 2 3 4 }];
p=[[ 23.6977 17.8319 14.3767 14.1358 ][ 16.4538 19.049 17.8012 24.5014 ]];


tc=[[[ 999999 999999 62.2944 83.8594 ][ 999999 999999 26.7478 48.3128 ][ 999999 999999 999999 21.565 ][ 999999 999999 999999 999999 ]][[ 999999 24.6807 53.2542 79.956 ][ 999999 999999 28.5735 55.2753 ][ 999999 999999 999999 26.7018 ][ 999999 999999 999999 999999 ]]];
