//seed= 3435973836
n= 10 ;
m= 4 ;
F= 2 ;

omega= 9 ;

Stages_1={ 1 3 4 };
Stages_b={ 2 };

m_o=[ 2 2 1 1 ];
rm=#[ <1,1>: 0, <1,2>: 0, <2,1>: 0, <2,2>: 0, <3,1>: 0, <4,1>: 0 ]#;


B_io=[[{ }{ }{ }{ }][{ }{ }{ }{ }]]; 
B_iob=[[[ 0 0 0 0 0 0 0 0 0 0 ][ 0 0 0 0 0 0 0 0 0 0 ][ 0 0 0 0 0 0 0 0 0 0 ][ 0 0 0 0 0 0 0 0 0 0 ]][[ 0 0 0 0 0 0 0 0 0 0 ][ 0 0 0 0 0 0 0 0 0 0 ][ 0 0 0 0 0 0 0 0 0 0 ][ 0 0 0 0 0 0 0 0 0 0 ]]]; 
S_iob=[[[ 0 0 0 0 0 0 0 0 0 0 ][ 0 0 0 0 0 0 0 0 0 0 ][ 0 0 0 0 0 0 0 0 0 0 ][ 0 0 0 0 0 0 0 0 0 0 ]][[ 0 0 0 0 0 0 0 0 0 0 ][ 0 0 0 0 0 0 0 0 0 0 ][ 0 0 0 0 0 0 0 0 0 0 ][ 0 0 0 0 0 0 0 0 0 0 ]]]; 
B=[ 3 ];


d=[ 158.43 90.1166 144.985 152.879 129.884 82.6967 91.2415 116.222 106.73 82.4433 ];
r=[ 55.572 21.4118 42.7983 81.8512 42.3113 16.5674 3.88862 48.6378 17.0967 0 ];
w=[ 2.37205 2.05511 2.18009 1.99241 1.52004 2.72004 2.51953 1.48917 1.84348 2.91601 ];
f=[ 1 2 1 2 1 2 1 2 1 2 ];
s=[ 1 1 1 1 1 1 1 1 1 1 ];

rts=[{ 1 2 3 4 }{ 1 2 3 4 }];
p=[[ 19.8978 16.897 22.5242 20.8368 ][ 14.7613 13.9606 12.1433 22.9244 ]];


tc=[[[ 999999 29.8466 55.1921 88.9784 ][ 999999 999999 25.3455 59.1318 ][ 999999 999999 999999 999999 ][ 999999 999999 999999 999999 ]][[ 999999 22.1419 999999 999999 ][ 999999 999999 999999 39.156 ][ 999999 999999 999999 18.215 ][ 999999 999999 999999 999999 ]]];
