//seed= 3435973836
n= 10 ;
m= 4 ;
F= 2 ;

omega= 9 ;

Stages_1={ 2 3 4 };
Stages_b={ 1 };

m_o=[ 2 2 2 2 ];
rm=#[ <1,1>: 0, <1,2>: 0, <2,1>: 0, <2,2>: 0, <3,1>: 0, <3,2>: 0, <4,1>: 0, <4,2>: 0 ]#;


B_io=[[{ }{ }{ }{ }][{ }{ }{ }{ }]]; 
B_iob=[[[ 0 0 0 0 0 0 0 0 0 0 ][ 0 0 0 0 0 0 0 0 0 0 ][ 0 0 0 0 0 0 0 0 0 0 ][ 0 0 0 0 0 0 0 0 0 0 ]][[ 0 0 0 0 0 0 0 0 0 0 ][ 0 0 0 0 0 0 0 0 0 0 ][ 0 0 0 0 0 0 0 0 0 0 ][ 0 0 0 0 0 0 0 0 0 0 ]]]; 
S_iob=[[[ 0 0 0 0 0 0 0 0 0 0 ][ 0 0 0 0 0 0 0 0 0 0 ][ 0 0 0 0 0 0 0 0 0 0 ][ 0 0 0 0 0 0 0 0 0 0 ]][[ 0 0 0 0 0 0 0 0 0 0 ][ 0 0 0 0 0 0 0 0 0 0 ][ 0 0 0 0 0 0 0 0 0 0 ][ 0 0 0 0 0 0 0 0 0 0 ]]]; 
B=[ 3 ];


d=[ 108.312 104.971 128.585 78.3498 142.74 108.848 104.018 84.4027 109.664 110.492 ];
r=[ 2.57609 26.5743 26.8517 5.55372 37.7628 33.5108 0 16.4332 23.8545 36.3981 ];
w=[ 1.21132 2.05707 1.0111 1.96463 1.3048 2.1503 2.69305 1.42792 2.0322 1.07628 ];
f=[ 1 2 1 2 1 2 1 2 1 2 ];
s=[ 1 1 1 1 1 1 1 1 1 1 ];

rts=[{ 1 2 3 4 }{ 1 2 3 4 }];
p=[[ 19.0253 24.9615 16.486 22.9437 ][ 15.0357 18.058 15.9456 14.2431 ]];


tc=[[[ 999999 28.538 65.9802 90.7092 ][ 999999 999999 37.4422 999999 ][ 999999 999999 999999 24.729 ][ 999999 999999 999999 999999 ]][[ 999999 22.5536 999999 73.5589 ][ 999999 999999 27.0869 999999 ][ 999999 999999 999999 23.9183 ][ 999999 999999 999999 999999 ]]];
