//seed= 3435973836
n= 8 ;
m= 3 ;
F= 2 ;

omega= 9 ;

Stages_1={ 2 };
Stages_b={ 1 3 };

m_o=[ 3 3 2 ];
rm=#[ <1,1>: 0, <1,2>: 0, <1,3>: 0, <2,1>: 0, <2,2>: 0, <2,3>: 0, <3,1>: 0, <3,2>: 0 ]#;


B_io=[[{ }{ }{ }][{ }{ }{ }]]; 
B_iob=[[[ 0 0 0 0 0 0 0 0 ][ 0 0 0 0 0 0 0 0 ][ 0 0 0 0 0 0 0 0 ]][[ 0 0 0 0 0 0 0 0 ][ 0 0 0 0 0 0 0 0 ][ 0 0 0 0 0 0 0 0 ]]]; 
S_iob=[[[ 0 0 0 0 0 0 0 0 ][ 0 0 0 0 0 0 0 0 ][ 0 0 0 0 0 0 0 0 ]][[ 0 0 0 0 0 0 0 0 ][ 0 0 0 0 0 0 0 0 ][ 0 0 0 0 0 0 0 0 ]]]; 
B=[ 3 3 ];


d=[ 63 84 57 82 60 75 66 73 ];
r=[ 4 19 4 17 5 10 7 17 ];
w=[ 1.28258 1.80545 1.74133 1.98136 1.13944 1.09032 1.81435 1.40749 ];
f=[ 1 2 1 2 1 2 1 2 ];
s=[ 1 1 1 1 1 1 1 1 ];

rts=[{ 1 2 3 }{ 1 2 3 }];
p=[[ 24 14 13 ][ 11 25 17 ]];


tc=[[[ 999999 36 57 ][ 999999 999999 999999 ][ 999999 999999 999999 ]][[ 999999 17 54 ][ 999999 999999 999999 ][ 999999 999999 999999 ]]];
