//seed= 3435973836
n= 10 ;
m= 4 ;
F= 2 ;

omega= 9 ;

Stages_1={ 2 3 4 };
Stages_b={ 1 };

m_o=[ 1 1 2 2 ];
rm=#[ <1,1>: 0, <2,1>: 0, <3,1>: 0, <3,2>: 0, <4,1>: 0, <4,2>: 0 ]#;


B_io=[[{ }{ }{ }{ }][{ }{ }{ }{ }]]; 
B_iob=[[[ 0 0 0 0 0 0 0 0 0 0 ][ 0 0 0 0 0 0 0 0 0 0 ][ 0 0 0 0 0 0 0 0 0 0 ][ 0 0 0 0 0 0 0 0 0 0 ]][[ 0 0 0 0 0 0 0 0 0 0 ][ 0 0 0 0 0 0 0 0 0 0 ][ 0 0 0 0 0 0 0 0 0 0 ][ 0 0 0 0 0 0 0 0 0 0 ]]]; 
S_iob=[[[ 0 0 0 0 0 0 0 0 0 0 ][ 0 0 0 0 0 0 0 0 0 0 ][ 0 0 0 0 0 0 0 0 0 0 ][ 0 0 0 0 0 0 0 0 0 0 ]][[ 0 0 0 0 0 0 0 0 0 0 ][ 0 0 0 0 0 0 0 0 0 0 ][ 0 0 0 0 0 0 0 0 0 0 ][ 0 0 0 0 0 0 0 0 0 0 ]]]; 
B=[ 3 ];


d=[ 88.5665 124.508 92.3849 115.56 123.055 88.4973 89.5609 103.118 137.593 82.0087 ];
r=[ 0 40.6326 0 41.5919 30.7683 0 11.9954 12.6194 48.494 0 ];
w=[ 1.52343 1.37906 2.98855 1.59679 2.81391 2.73779 2.61788 1.67054 2.06519 2.50908 ];
f=[ 1 2 1 2 1 2 1 2 1 2 ];
s=[ 1 1 1 1 1 1 1 1 1 1 ];

rts=[{ 1 2 3 4 }{ 1 2 3 4 }];
p=[[ 23.4858 11.611 16.8129 20.7209 ][ 17.6426 24.9713 11.2242 19.4356 ]];


tc=[[[ 999999 999999 52.6451 77.8645 ][ 999999 999999 17.4164 42.6358 ][ 999999 999999 999999 25.2194 ][ 999999 999999 999999 999999 ]][[ 999999 999999 63.9209 80.7572 ][ 999999 999999 37.457 999999 ][ 999999 999999 999999 999999 ][ 999999 999999 999999 999999 ]]];
