//seed= 3435973836
n= 9 ;
m= 4 ;
F= 3 ;

omega= 9 ;

Stages_1={ 3 };
Stages_b={ 1 2 4 };

m_o=[ 2 2 2 3 ];
rm=#[ <1,1>: 0, <1,2>: 0, <2,1>: 0, <2,2>: 0, <3,1>: 0, <3,2>: 0, <4,1>: 0, <4,2>: 0, <4,3>: 0 ]#;


B_io=[[{ }{ }{ }{ }][{ }{ }{ }{ }][{ }{ }{ }{ }]]; 
B_iob=[[[ 0 0 0 0 0 0 0 0 0 ][ 0 0 0 0 0 0 0 0 0 ][ 0 0 0 0 0 0 0 0 0 ][ 0 0 0 0 0 0 0 0 0 ]][[ 0 0 0 0 0 0 0 0 0 ][ 0 0 0 0 0 0 0 0 0 ][ 0 0 0 0 0 0 0 0 0 ][ 0 0 0 0 0 0 0 0 0 ]][[ 0 0 0 0 0 0 0 0 0 ][ 0 0 0 0 0 0 0 0 0 ][ 0 0 0 0 0 0 0 0 0 ][ 0 0 0 0 0 0 0 0 0 ]]]; 
S_iob=[[[ 0 0 0 0 0 0 0 0 0 ][ 0 0 0 0 0 0 0 0 0 ][ 0 0 0 0 0 0 0 0 0 ][ 0 0 0 0 0 0 0 0 0 ]][[ 0 0 0 0 0 0 0 0 0 ][ 0 0 0 0 0 0 0 0 0 ][ 0 0 0 0 0 0 0 0 0 ][ 0 0 0 0 0 0 0 0 0 ]][[ 0 0 0 0 0 0 0 0 0 ][ 0 0 0 0 0 0 0 0 0 ][ 0 0 0 0 0 0 0 0 0 ][ 0 0 0 0 0 0 0 0 0 ]]]; 
B=[ 2 3 2 ];


d=[ 88 101 80 93 78 103 104 100 82 ];
r=[ 3 21 1 13 10 25 11 20 14 ];
w=[ 2.04671 2.84742 2.74289 1.1233 2.90628 2.85972 1.43745 1.26657 1.71543 ];
f=[ 1 2 3 1 2 3 1 2 3 ];
s=[ 1 1 1 1 1 1 1 1 1 ];

rts=[{ 1 2 3 4 }{ 1 2 3 4 }{ 1 2 3 4 }];
p=[[ 14 18 24 17 ][ 13 13 23 19 ][ 11 14 23 18 ]];


tc=[[[ 999999 999999 48 999999 ][ 999999 999999 999999 63 ][ 999999 999999 999999 36 ][ 999999 999999 999999 999999 ]][[ 999999 20 39 999999 ][ 999999 999999 20 999999 ][ 999999 999999 999999 999999 ][ 999999 999999 999999 999999 ]][[ 999999 999999 38 999999 ][ 999999 999999 999999 56 ][ 999999 999999 999999 999999 ][ 999999 999999 999999 999999 ]]];
