//seed= 3435973836
n= 10 ;
m= 4 ;
F= 2 ;

omega= 9 ;

Stages_1={ 2 3 4 };
Stages_b={ 1 };

m_o=[ 1 2 1 1 ];
rm=#[ <1,1>: 0, <2,1>: 0, <2,2>: 0, <3,1>: 0, <4,1>: 0 ]#;


B_io=[[{ }{ }{ }{ }][{ }{ }{ }{ }]]; 
B_iob=[[[ 0 0 0 0 0 0 0 0 0 0 ][ 0 0 0 0 0 0 0 0 0 0 ][ 0 0 0 0 0 0 0 0 0 0 ][ 0 0 0 0 0 0 0 0 0 0 ]][[ 0 0 0 0 0 0 0 0 0 0 ][ 0 0 0 0 0 0 0 0 0 0 ][ 0 0 0 0 0 0 0 0 0 0 ][ 0 0 0 0 0 0 0 0 0 0 ]]]; 
S_iob=[[[ 0 0 0 0 0 0 0 0 0 0 ][ 0 0 0 0 0 0 0 0 0 0 ][ 0 0 0 0 0 0 0 0 0 0 ][ 0 0 0 0 0 0 0 0 0 0 ]][[ 0 0 0 0 0 0 0 0 0 0 ][ 0 0 0 0 0 0 0 0 0 0 ][ 0 0 0 0 0 0 0 0 0 0 ][ 0 0 0 0 0 0 0 0 0 0 ]]]; 
B=[ 3 ];


d=[ 146.544 104.877 141.461 59.4329 93.7538 61.0452 124.347 65.7975 133.981 61.9621 ];
r=[ 39.7452 39.1443 32.0131 0 3.32936 9.16412 22.4233 0 24.7555 0 ];
w=[ 1.42532 1.08151 2.55091 2.85703 2.65132 1.54201 2.16532 2.04314 1.78014 1.78369 ];
f=[ 1 2 1 2 1 2 1 2 1 2 ];
s=[ 1 1 1 1 1 1 1 1 1 1 ];

rts=[{ 1 2 3 4 }{ 1 2 3 4 }];
p=[[ 21.6395 19.5461 23.4503 20.0148 ][ 11.6077 15.9521 10.7293 12.5098 ]];


tc=[[[ 999999 999999 999999 999999 ][ 999999 999999 29.3192 64.4947 ][ 999999 999999 999999 35.1755 ][ 999999 999999 999999 999999 ]][[ 999999 999999 41.3396 57.4335 ][ 999999 999999 999999 40.022 ][ 999999 999999 999999 16.094 ][ 999999 999999 999999 999999 ]]];
