//seed= 3435973836
n= 10 ;
m= 4 ;
F= 2 ;

omega= 9 ;

Stages_1={ 2 3 4 };
Stages_b={ 1 };

m_o=[ 2 1 2 1 ];
rm=#[ <1,1>: 0, <1,2>: 0, <2,1>: 0, <3,1>: 0, <3,2>: 0, <4,1>: 0 ]#;


B_io=[[{ }{ }{ }{ }][{ }{ }{ }{ }]]; 
B_iob=[[[ 0 0 0 0 0 0 0 0 0 0 ][ 0 0 0 0 0 0 0 0 0 0 ][ 0 0 0 0 0 0 0 0 0 0 ][ 0 0 0 0 0 0 0 0 0 0 ]][[ 0 0 0 0 0 0 0 0 0 0 ][ 0 0 0 0 0 0 0 0 0 0 ][ 0 0 0 0 0 0 0 0 0 0 ][ 0 0 0 0 0 0 0 0 0 0 ]]]; 
S_iob=[[[ 0 0 0 0 0 0 0 0 0 0 ][ 0 0 0 0 0 0 0 0 0 0 ][ 0 0 0 0 0 0 0 0 0 0 ][ 0 0 0 0 0 0 0 0 0 0 ]][[ 0 0 0 0 0 0 0 0 0 0 ][ 0 0 0 0 0 0 0 0 0 0 ][ 0 0 0 0 0 0 0 0 0 0 ][ 0 0 0 0 0 0 0 0 0 0 ]]]; 
B=[ 3 ];


d=[ 67.7739 84.9447 63.9133 73.6692 139.124 99.921 73.5198 86.7755 95.2923 80.9702 ];
r=[ 0 1.25818 8.88313 0 69.1445 21.0456 11.7967 14.2354 40.0719 0 ];
w=[ 2.39914 1.03617 2.44928 2.60247 1.92622 2.56817 2.38222 1.35422 1.35058 2.17095 ];
f=[ 1 2 1 2 1 2 1 2 1 2 ];
s=[ 1 1 1 1 1 1 1 1 1 1 ];

rts=[{ 1 2 3 4 }{ 1 2 3 4 }];
p=[[ 14.2648 14.6594 14.0202 11.7575 ][ 10.9931 23.8242 19.6238 12.9572 ]];


tc=[[[ 999999 21.3972 43.3863 64.4166 ][ 999999 999999 21.9891 43.0194 ][ 999999 999999 999999 21.0303 ][ 999999 999999 999999 999999 ]][[ 999999 16.4896 52.2259 81.6617 ][ 999999 999999 35.7363 65.172 ][ 999999 999999 999999 29.4358 ][ 999999 999999 999999 999999 ]]];
