//seed= 3435973836
n= 10 ;
m= 4 ;
F= 2 ;

omega= 9 ;

Stages_1={ 1 3 4 };
Stages_b={ 2 };

m_o=[ 2 1 2 2 ];
rm=#[ <1,1>: 0, <1,2>: 0, <2,1>: 0, <3,1>: 0, <3,2>: 0, <4,1>: 0, <4,2>: 0 ]#;


B_io=[[{ }{ }{ }{ }][{ }{ }{ }{ }]]; 
B_iob=[[[ 0 0 0 0 0 0 0 0 0 0 ][ 0 0 0 0 0 0 0 0 0 0 ][ 0 0 0 0 0 0 0 0 0 0 ][ 0 0 0 0 0 0 0 0 0 0 ]][[ 0 0 0 0 0 0 0 0 0 0 ][ 0 0 0 0 0 0 0 0 0 0 ][ 0 0 0 0 0 0 0 0 0 0 ][ 0 0 0 0 0 0 0 0 0 0 ]]]; 
S_iob=[[[ 0 0 0 0 0 0 0 0 0 0 ][ 0 0 0 0 0 0 0 0 0 0 ][ 0 0 0 0 0 0 0 0 0 0 ][ 0 0 0 0 0 0 0 0 0 0 ]][[ 0 0 0 0 0 0 0 0 0 0 ][ 0 0 0 0 0 0 0 0 0 0 ][ 0 0 0 0 0 0 0 0 0 0 ][ 0 0 0 0 0 0 0 0 0 0 ]]]; 
B=[ 3 ];


d=[ 82.5807 115.261 74.1951 92.0705 122.954 108.432 149.378 87.7847 82.0568 128.556 ];
r=[ 0 40.0069 0 13.1325 31.9172 23.785 71.127 10.4856 0 44.864 ];
w=[ 1.65926 1.61521 1.84813 1.82465 2.61642 1.65491 1.9694 1.79058 1.46626 2.42459 ];
f=[ 1 2 1 2 1 2 1 2 1 2 ];
s=[ 1 1 1 1 1 1 1 1 1 1 ];

rts=[{ 1 2 3 4 }{ 1 2 3 4 }];
p=[[ 10.5964 23.66 12.2723 23.8622 ][ 13.0127 21.9747 16.9146 16.07 ]];


tc=[[[ 999999 15.8946 51.3846 69.793 ][ 999999 999999 35.49 53.8984 ][ 999999 999999 999999 18.4085 ][ 999999 999999 999999 999999 ]][[ 999999 999999 52.4812 77.853 ][ 999999 999999 32.9621 58.3339 ][ 999999 999999 999999 999999 ][ 999999 999999 999999 999999 ]]];
