//seed= 3435973836
n= 10 ;
m= 4 ;
F= 2 ;

omega= 9 ;

Stages_1={ 1 3 4 };
Stages_b={ 2 };

m_o=[ 2 2 2 1 ];
rm=#[ <1,1>: 0, <1,2>: 0, <2,1>: 0, <2,2>: 0, <3,1>: 0, <3,2>: 0, <4,1>: 0 ]#;


B_io=[[{ }{ }{ }{ }][{ }{ }{ }{ }]]; 
B_iob=[[[ 0 0 0 0 0 0 0 0 0 0 ][ 0 0 0 0 0 0 0 0 0 0 ][ 0 0 0 0 0 0 0 0 0 0 ][ 0 0 0 0 0 0 0 0 0 0 ]][[ 0 0 0 0 0 0 0 0 0 0 ][ 0 0 0 0 0 0 0 0 0 0 ][ 0 0 0 0 0 0 0 0 0 0 ][ 0 0 0 0 0 0 0 0 0 0 ]]]; 
S_iob=[[[ 0 0 0 0 0 0 0 0 0 0 ][ 0 0 0 0 0 0 0 0 0 0 ][ 0 0 0 0 0 0 0 0 0 0 ][ 0 0 0 0 0 0 0 0 0 0 ]][[ 0 0 0 0 0 0 0 0 0 0 ][ 0 0 0 0 0 0 0 0 0 0 ][ 0 0 0 0 0 0 0 0 0 0 ][ 0 0 0 0 0 0 0 0 0 0 ]]]; 
B=[ 3 ];


d=[ 72.0365 75.6026 71.1546 118.445 65.5019 95.587 124.87 133.084 59.7508 91.2783 ];
r=[ 0 0 0 37.1468 0 0 52.9616 41.5839 0 0 ];
w=[ 1.26646 1.1086 2.53519 2.16679 2.90116 1.96634 2.16435 1.38226 2.20501 1.48754 ];
f=[ 1 2 1 2 1 2 1 2 1 2 ];
s=[ 1 1 1 1 1 1 1 1 1 1 ];

rts=[{ 1 2 3 4 }{ 1 2 3 4 }];
p=[[ 16.2851 11.9523 19.8503 11.4155 ][ 19.1242 10.063 21.4826 24.0471 ]];


tc=[[[ 999999 999999 999999 999999 ][ 999999 999999 17.9284 47.7039 ][ 999999 999999 999999 29.7755 ][ 999999 999999 999999 999999 ]][[ 999999 28.6863 43.7808 76.0047 ][ 999999 999999 15.0945 47.3184 ][ 999999 999999 999999 32.2239 ][ 999999 999999 999999 999999 ]]];
