//seed= 3435973836
n= 10 ;
m= 4 ;
F= 2 ;

omega= 9 ;

Stages_1={ 1 2 4 };
Stages_b={ 3 };

m_o=[ 2 1 1 2 ];
rm=#[ <1,1>: 0, <1,2>: 0, <2,1>: 0, <3,1>: 0, <4,1>: 0, <4,2>: 0 ]#;


B_io=[[{ }{ }{ }{ }][{ }{ }{ }{ }]]; 
B_iob=[[[ 0 0 0 0 0 0 0 0 0 0 ][ 0 0 0 0 0 0 0 0 0 0 ][ 0 0 0 0 0 0 0 0 0 0 ][ 0 0 0 0 0 0 0 0 0 0 ]][[ 0 0 0 0 0 0 0 0 0 0 ][ 0 0 0 0 0 0 0 0 0 0 ][ 0 0 0 0 0 0 0 0 0 0 ][ 0 0 0 0 0 0 0 0 0 0 ]]]; 
S_iob=[[[ 0 0 0 0 0 0 0 0 0 0 ][ 0 0 0 0 0 0 0 0 0 0 ][ 0 0 0 0 0 0 0 0 0 0 ][ 0 0 0 0 0 0 0 0 0 0 ]][[ 0 0 0 0 0 0 0 0 0 0 ][ 0 0 0 0 0 0 0 0 0 0 ][ 0 0 0 0 0 0 0 0 0 0 ][ 0 0 0 0 0 0 0 0 0 0 ]]]; 
B=[ 3 ];


d=[ 84.2824 74.0366 157.244 94.4732 121.035 95.9599 123.75 104.955 137.415 87.715 ];
r=[ 8.26193 0 66.5434 0 44.4822 14.9442 45.1533 20.3542 63.3891 0 ];
w=[ 2.30821 2.82373 1.51191 2.19234 1.32372 1.98378 1.82689 2.30613 2.40118 1.53151 ];
f=[ 1 2 1 2 1 2 1 2 1 2 ];
s=[ 1 1 1 1 1 1 1 1 1 1 ];

rts=[{ 1 2 3 4 }{ 1 2 3 4 }];
p=[[ 11.6297 24.3821 21.5851 13.3674 ][ 10.2374 22.0991 17.9816 23.2431 ]];


tc=[[[ 999999 17.4446 54.0177 86.3954 ][ 999999 999999 36.5731 68.9508 ][ 999999 999999 999999 999999 ][ 999999 999999 999999 999999 ]][[ 999999 15.3561 48.5048 75.4772 ][ 999999 999999 999999 999999 ][ 999999 999999 999999 26.9724 ][ 999999 999999 999999 999999 ]]];
