//seed= 3435973836
n= 10 ;
m= 4 ;
F= 2 ;

omega= 9 ;

Stages_1={ 1 2 4 };
Stages_b={ 3 };

m_o=[ 2 1 1 2 ];
rm=#[ <1,1>: 0, <1,2>: 0, <2,1>: 0, <3,1>: 0, <4,1>: 0, <4,2>: 0 ]#;


B_io=[[{ }{ }{ }{ }][{ }{ }{ }{ }]]; 
B_iob=[[[ 0 0 0 0 0 0 0 0 0 0 ][ 0 0 0 0 0 0 0 0 0 0 ][ 0 0 0 0 0 0 0 0 0 0 ][ 0 0 0 0 0 0 0 0 0 0 ]][[ 0 0 0 0 0 0 0 0 0 0 ][ 0 0 0 0 0 0 0 0 0 0 ][ 0 0 0 0 0 0 0 0 0 0 ][ 0 0 0 0 0 0 0 0 0 0 ]]]; 
S_iob=[[[ 0 0 0 0 0 0 0 0 0 0 ][ 0 0 0 0 0 0 0 0 0 0 ][ 0 0 0 0 0 0 0 0 0 0 ][ 0 0 0 0 0 0 0 0 0 0 ]][[ 0 0 0 0 0 0 0 0 0 0 ][ 0 0 0 0 0 0 0 0 0 0 ][ 0 0 0 0 0 0 0 0 0 0 ][ 0 0 0 0 0 0 0 0 0 0 ]]]; 
B=[ 3 ];


d=[ 144.472 90.9102 153.223 92.3827 74.0705 158.606 117.039 144.793 102.573 154.17 ];
r=[ 67.8372 0 76.5801 0 0 63.7755 50.1099 54.1148 19.2086 60.724 ];
w=[ 2.13005 1.67033 1.71321 2.87082 2.72964 1.97999 2.41972 2.89951 2.85393 1.23643 ];
f=[ 1 2 1 2 1 2 1 2 1 2 ];
s=[ 1 1 1 1 1 1 1 1 1 1 ];

rts=[{ 1 2 3 4 }{ 1 2 3 4 }];
p=[[ 24.0226 21.7435 10.0625 10.262 ][ 12.8813 24.6408 23.9052 24.7291 ]];


tc=[[[ 999999 36.0339 68.6491 83.7428 ][ 999999 999999 32.6152 47.7089 ][ 999999 999999 999999 15.0937 ][ 999999 999999 999999 999999 ]][[ 999999 19.3219 56.283 92.1408 ][ 999999 999999 999999 999999 ][ 999999 999999 999999 35.8577 ][ 999999 999999 999999 999999 ]]];
