//seed= 3435973836
n= 10 ;
m= 5 ;
F= 2 ;

omega= 9 ;

Stages_1={ };
Stages_b={ 1 2 3 4 5 };

m_o=[ 2 3 3 2 2 ];
rm=#[ <1,1>: 0, <1,2>: 0, <2,1>: 0, <2,2>: 0, <2,3>: 0, <3,1>: 0, <3,2>: 0, <3,3>: 0, <4,1>: 0, <4,2>: 0, <5,1>: 0, <5,2>: 0 ]#;


B_io=[[{ }{ }{ }{ }{ }][{ }{ }{ }{ }{ }]]; 
B_iob=[[[ 0 0 0 0 0 0 0 0 0 0 ][ 0 0 0 0 0 0 0 0 0 0 ][ 0 0 0 0 0 0 0 0 0 0 ][ 0 0 0 0 0 0 0 0 0 0 ][ 0 0 0 0 0 0 0 0 0 0 ]][[ 0 0 0 0 0 0 0 0 0 0 ][ 0 0 0 0 0 0 0 0 0 0 ][ 0 0 0 0 0 0 0 0 0 0 ][ 0 0 0 0 0 0 0 0 0 0 ][ 0 0 0 0 0 0 0 0 0 0 ]]]; 
S_iob=[[[ 0 0 0 0 0 0 0 0 0 0 ][ 0 0 0 0 0 0 0 0 0 0 ][ 0 0 0 0 0 0 0 0 0 0 ][ 0 0 0 0 0 0 0 0 0 0 ][ 0 0 0 0 0 0 0 0 0 0 ]][[ 0 0 0 0 0 0 0 0 0 0 ][ 0 0 0 0 0 0 0 0 0 0 ][ 0 0 0 0 0 0 0 0 0 0 ][ 0 0 0 0 0 0 0 0 0 0 ][ 0 0 0 0 0 0 0 0 0 0 ]]]; 
B=[ 2 3 3 3 3 ];


d=[ 130.1 87.2795 121.369 104.861 117.882 77.3274 114.612 121.073 124.594 119.319 ];
r=[ 37.8983 3.18689 36.7879 28.3487 19.6162 0.470559 17.361 38.4217 34.9844 27.4448 ];
w=[ 2.77012 2.44581 2.03263 1.66542 2.72981 2.16711 1.32883 2.09223 2.01224 1.80574 ];
f=[ 1 2 1 2 1 2 1 2 1 2 ];
s=[ 1 1 1 1 1 1 1 1 1 1 ];

rts=[{ 1 2 3 4 5 }{ 1 2 3 4 5 }];
p=[[ 14.0624 11.4705 23.1312 24.1161 10.3825 ][ 11.0596 17.5248 10.7113 17.5524 19.2045 ]];


tc=[[[ 999999 999999 999999 72.9962 109.17 ][ 999999 999999 999999 999999 88.0766 ][ 999999 999999 999999 34.6968 70.8709 ][ 999999 999999 999999 999999 999999 ][ 999999 999999 999999 999999 999999 ]][[ 999999 16.5894 42.8766 58.9435 999999 ][ 999999 999999 26.2872 999999 68.6827 ][ 999999 999999 999999 16.0669 42.3955 ][ 999999 999999 999999 999999 26.3286 ][ 999999 999999 999999 999999 999999 ]]];
