//seed= 3435973836
n= 8 ;
m= 3 ;
F= 2 ;

omega= 9 ;

Stages_1={ 2 };
Stages_b={ 1 3 };

m_o=[ 2 3 3 ];
rm=#[ <1,1>: 0, <1,2>: 0, <2,1>: 0, <2,2>: 0, <2,3>: 0, <3,1>: 0, <3,2>: 0, <3,3>: 0 ]#;


B_io=[[{ }{ }{ }][{ }{ }{ }]]; 
B_iob=[[[ 0 0 0 0 0 0 0 0 ][ 0 0 0 0 0 0 0 0 ][ 0 0 0 0 0 0 0 0 ]][[ 0 0 0 0 0 0 0 0 ][ 0 0 0 0 0 0 0 0 ][ 0 0 0 0 0 0 0 0 ]]]; 
S_iob=[[[ 0 0 0 0 0 0 0 0 ][ 0 0 0 0 0 0 0 0 ][ 0 0 0 0 0 0 0 0 ]][[ 0 0 0 0 0 0 0 0 ][ 0 0 0 0 0 0 0 0 ][ 0 0 0 0 0 0 0 0 ]]]; 
B=[ 2 3 ];


d=[ 76 67 68 59 72 63 88 66 ];
r=[ 18 14 8 7 16 15 23 10 ];
w=[ 2.00771 2.99486 2.0744 1.4877 2.67323 2.71685 2.23172 1.60416 ];
f=[ 1 2 1 2 1 2 1 2 ];
s=[ 1 1 1 1 1 1 1 1 ];

rts=[{ 1 2 3 }{ 1 2 3 }];
p=[[ 15 19 20 ][ 17 15 15 ]];


tc=[[[ 999999 23 51 ][ 999999 999999 29 ][ 999999 999999 999999 ]][[ 999999 26 48 ][ 999999 999999 999999 ][ 999999 999999 999999 ]]];
