//seed= 3435973836
n= 10 ;
m= 4 ;
F= 2 ;

omega= 9 ;

Stages_1={ 1 3 4 };
Stages_b={ 2 };

m_o=[ 1 2 2 2 ];
rm=#[ <1,1>: 0, <2,1>: 0, <2,2>: 0, <3,1>: 0, <3,2>: 0, <4,1>: 0, <4,2>: 0 ]#;


B_io=[[{ }{ }{ }{ }][{ }{ }{ }{ }]]; 
B_iob=[[[ 0 0 0 0 0 0 0 0 0 0 ][ 0 0 0 0 0 0 0 0 0 0 ][ 0 0 0 0 0 0 0 0 0 0 ][ 0 0 0 0 0 0 0 0 0 0 ]][[ 0 0 0 0 0 0 0 0 0 0 ][ 0 0 0 0 0 0 0 0 0 0 ][ 0 0 0 0 0 0 0 0 0 0 ][ 0 0 0 0 0 0 0 0 0 0 ]]]; 
S_iob=[[[ 0 0 0 0 0 0 0 0 0 0 ][ 0 0 0 0 0 0 0 0 0 0 ][ 0 0 0 0 0 0 0 0 0 0 ][ 0 0 0 0 0 0 0 0 0 0 ]][[ 0 0 0 0 0 0 0 0 0 0 ][ 0 0 0 0 0 0 0 0 0 0 ][ 0 0 0 0 0 0 0 0 0 0 ][ 0 0 0 0 0 0 0 0 0 0 ]]]; 
B=[ 3 ];


d=[ 98.1396 90.758 142.569 97.1762 158.067 83.02 146.729 83.0467 99.2206 70.0592 ];
r=[ 14.5438 19.9548 59.0817 22.5835 59.2041 14.5737 50.404 0 0 0 ];
w=[ 2.48636 2.246 2.14804 1.84487 2.6447 1.23654 2.08014 1.33413 1.00995 2.62619 ];
f=[ 1 2 1 2 1 2 1 2 1 2 ];
s=[ 1 1 1 1 1 1 1 1 1 1 ];

rts=[{ 1 2 3 4 }{ 1 2 3 4 }];
p=[[ 18.0695 22.5803 22.6699 16.0409 ][ 21.0591 16.0964 12.7357 15.56 ]];


tc=[[[ 999999 27.1042 60.9747 94.9795 ][ 999999 999999 33.8705 67.8753 ][ 999999 999999 999999 34.0048 ][ 999999 999999 999999 999999 ]][[ 999999 31.5887 55.7332 74.8368 ][ 999999 999999 999999 43.2481 ][ 999999 999999 999999 19.1036 ][ 999999 999999 999999 999999 ]]];
