//seed= 3435973836
n= 8 ;
m= 3 ;
F= 2 ;

omega= 9 ;

Stages_1={ 3 };
Stages_b={ 1 2 };

m_o=[ 3 2 3 ];
rm=#[ <1,1>: 0, <1,2>: 0, <1,3>: 0, <2,1>: 0, <2,2>: 0, <3,1>: 0, <3,2>: 0, <3,3>: 0 ]#;


B_io=[[{ }{ }{ }][{ }{ }{ }]]; 
B_iob=[[[ 0 0 0 0 0 0 0 0 ][ 0 0 0 0 0 0 0 0 ][ 0 0 0 0 0 0 0 0 ]][[ 0 0 0 0 0 0 0 0 ][ 0 0 0 0 0 0 0 0 ][ 0 0 0 0 0 0 0 0 ]]]; 
S_iob=[[[ 0 0 0 0 0 0 0 0 ][ 0 0 0 0 0 0 0 0 ][ 0 0 0 0 0 0 0 0 ]][[ 0 0 0 0 0 0 0 0 ][ 0 0 0 0 0 0 0 0 ][ 0 0 0 0 0 0 0 0 ]]]; 
B=[ 2 2 ];


d=[ 73 61 69 64 90 78 71 62 ];
r=[ 12 7 1 12 23 18 2 6 ];
w=[ 2.06808 1.86423 1.45465 2.21041 1.6267 2.2408 2.63857 1.74285 ];
f=[ 1 2 1 2 1 2 1 2 ];
s=[ 1 1 1 1 1 1 1 1 ];

rts=[{ 1 2 3 }{ 1 2 3 }];
p=[[ 22 25 11 ][ 18 13 15 ]];


tc=[[[ 999999 33 71 ][ 999999 999999 38 ][ 999999 999999 999999 ]][[ 999999 27 47 ][ 999999 999999 999999 ][ 999999 999999 999999 ]]];
