//seed= 3435973836
n= 10 ;
m= 4 ;
F= 2 ;

omega= 9 ;

Stages_1={ 1 2 4 };
Stages_b={ 3 };

m_o=[ 2 2 1 1 ];
rm=#[ <1,1>: 0, <1,2>: 0, <2,1>: 0, <2,2>: 0, <3,1>: 0, <4,1>: 0 ]#;


B_io=[[{ }{ }{ }{ }][{ }{ }{ }{ }]]; 
B_iob=[[[ 0 0 0 0 0 0 0 0 0 0 ][ 0 0 0 0 0 0 0 0 0 0 ][ 0 0 0 0 0 0 0 0 0 0 ][ 0 0 0 0 0 0 0 0 0 0 ]][[ 0 0 0 0 0 0 0 0 0 0 ][ 0 0 0 0 0 0 0 0 0 0 ][ 0 0 0 0 0 0 0 0 0 0 ][ 0 0 0 0 0 0 0 0 0 0 ]]]; 
S_iob=[[[ 0 0 0 0 0 0 0 0 0 0 ][ 0 0 0 0 0 0 0 0 0 0 ][ 0 0 0 0 0 0 0 0 0 0 ][ 0 0 0 0 0 0 0 0 0 0 ]][[ 0 0 0 0 0 0 0 0 0 0 ][ 0 0 0 0 0 0 0 0 0 0 ][ 0 0 0 0 0 0 0 0 0 0 ][ 0 0 0 0 0 0 0 0 0 0 ]]]; 
B=[ 3 ];


d=[ 123.821 117.192 145.438 93.41 97.8964 114.078 113.858 150.575 155.651 102.941 ];
r=[ 35.8974 40.7198 49.8933 26.807 0 42.8807 9.16226 66.4525 51.5188 33.9992 ];
w=[ 2.87518 1.55562 2.28431 2.18027 2.16385 2.48019 1.2071 1.74576 2.12172 1.27058 ];
f=[ 1 2 1 2 1 2 1 2 1 2 ];
s=[ 1 1 1 1 1 1 1 1 1 1 ];

rts=[{ 1 2 3 4 }{ 1 2 3 4 }];
p=[[ 22.4321 19.4091 18.9954 23.2401 ][ 10.6125 17.6047 19.8948 16.9169 ]];


tc=[[[ 999999 33.6481 62.7618 91.2549 ][ 999999 999999 29.1137 57.6068 ][ 999999 999999 999999 28.4931 ][ 999999 999999 999999 999999 ]][[ 999999 15.9187 42.3257 999999 ][ 999999 999999 999999 56.2492 ][ 999999 999999 999999 29.8422 ][ 999999 999999 999999 999999 ]]];
