//seed= 3435973836
n= 10 ;
m= 4 ;
F= 2 ;

omega= 9 ;

Stages_1={ 1 3 4 };
Stages_b={ 2 };

m_o=[ 1 1 1 1 ];
rm=#[ <1,1>: 0, <2,1>: 0, <3,1>: 0, <4,1>: 0 ]#;


B_io=[[{ }{ }{ }{ }][{ }{ }{ }{ }]]; 
B_iob=[[[ 0 0 0 0 0 0 0 0 0 0 ][ 0 0 0 0 0 0 0 0 0 0 ][ 0 0 0 0 0 0 0 0 0 0 ][ 0 0 0 0 0 0 0 0 0 0 ]][[ 0 0 0 0 0 0 0 0 0 0 ][ 0 0 0 0 0 0 0 0 0 0 ][ 0 0 0 0 0 0 0 0 0 0 ][ 0 0 0 0 0 0 0 0 0 0 ]]]; 
S_iob=[[[ 0 0 0 0 0 0 0 0 0 0 ][ 0 0 0 0 0 0 0 0 0 0 ][ 0 0 0 0 0 0 0 0 0 0 ][ 0 0 0 0 0 0 0 0 0 0 ]][[ 0 0 0 0 0 0 0 0 0 0 ][ 0 0 0 0 0 0 0 0 0 0 ][ 0 0 0 0 0 0 0 0 0 0 ][ 0 0 0 0 0 0 0 0 0 0 ]]]; 
B=[ 3 ];


d=[ 128.456 68.5305 94.0002 73.5905 81.9906 125.192 135.602 87.8912 117.093 129.342 ];
r=[ 47.8579 0 0 0 0.274119 60.9961 43.2117 19.8819 29.1254 61.0723 ];
w=[ 2.40118 1.53151 1.15375 2.59285 1.03494 2.96388 1.15135 1.36147 2.69323 1.78511 ];
f=[ 1 2 1 2 1 2 1 2 1 2 ];
s=[ 1 1 1 1 1 1 1 1 1 1 ];

rts=[{ 1 2 3 4 }{ 1 2 3 4 }];
p=[[ 22.1293 20.0597 23.1685 11.9067 ][ 10.1657 15.033 10.2063 22.0673 ]];


tc=[[[ 999999 33.194 63.2835 98.0362 ][ 999999 999999 999999 64.8422 ][ 999999 999999 999999 999999 ][ 999999 999999 999999 999999 ]][[ 999999 15.2485 37.798 53.1075 ][ 999999 999999 22.5496 37.859 ][ 999999 999999 999999 15.3094 ][ 999999 999999 999999 999999 ]]];
