//seed= 3435973836
n= 9 ;
m= 4 ;
F= 3 ;

omega= 9 ;

Stages_1={ 1 2 4 };
Stages_b={ 3 };

m_o=[ 2 3 3 2 ];
rm=#[ <1,1>: 0, <1,2>: 0, <2,1>: 0, <2,2>: 0, <2,3>: 0, <3,1>: 0, <3,2>: 0, <3,3>: 0, <4,1>: 0, <4,2>: 0 ]#;


B_io=[[{ }{ }{ }{ }][{ }{ }{ }{ }][{ }{ }{ }{ }]]; 
B_iob=[[[ 0 0 0 0 0 0 0 0 0 ][ 0 0 0 0 0 0 0 0 0 ][ 0 0 0 0 0 0 0 0 0 ][ 0 0 0 0 0 0 0 0 0 ]][[ 0 0 0 0 0 0 0 0 0 ][ 0 0 0 0 0 0 0 0 0 ][ 0 0 0 0 0 0 0 0 0 ][ 0 0 0 0 0 0 0 0 0 ]][[ 0 0 0 0 0 0 0 0 0 ][ 0 0 0 0 0 0 0 0 0 ][ 0 0 0 0 0 0 0 0 0 ][ 0 0 0 0 0 0 0 0 0 ]]]; 
S_iob=[[[ 0 0 0 0 0 0 0 0 0 ][ 0 0 0 0 0 0 0 0 0 ][ 0 0 0 0 0 0 0 0 0 ][ 0 0 0 0 0 0 0 0 0 ]][[ 0 0 0 0 0 0 0 0 0 ][ 0 0 0 0 0 0 0 0 0 ][ 0 0 0 0 0 0 0 0 0 ][ 0 0 0 0 0 0 0 0 0 ]][[ 0 0 0 0 0 0 0 0 0 ][ 0 0 0 0 0 0 0 0 0 ][ 0 0 0 0 0 0 0 0 0 ][ 0 0 0 0 0 0 0 0 0 ]]]; 
B=[ 3 ];


d=[ 100 93 113 90 84 124 102 86 89 ];
r=[ 6 0 19 5 11 24 9 7 3 ];
w=[ 2.80109 2.54671 2.38947 1.69788 2.96893 1.08456 2.92136 1.18955 2.31338 ];
f=[ 1 2 3 1 2 3 1 2 3 ];
s=[ 1 1 1 1 1 1 1 1 1 ];

rts=[{ 1 2 3 4 }{ 1 2 3 4 }{ 1 2 3 4 }];
p=[[ 20 17 16 22 ][ 13 22 19 19 ][ 24 18 18 24 ]];


tc=[[[ 999999 999999 999999 999999 ][ 999999 999999 26 999999 ][ 999999 999999 999999 24 ][ 999999 999999 999999 999999 ]][[ 999999 20 53 999999 ][ 999999 999999 999999 62 ][ 999999 999999 999999 999999 ][ 999999 999999 999999 999999 ]][[ 999999 36 999999 999999 ][ 999999 999999 999999 999999 ][ 999999 999999 999999 27 ][ 999999 999999 999999 999999 ]]];
