//seed= 3435973836
n= 9 ;
m= 5 ;
F= 3 ;

omega= 9 ;

Stages_1={ 4 5 };
Stages_b={ 1 2 3 };

m_o=[ 3 3 3 2 2 ];
rm=#[ <1,1>: 0, <1,2>: 0, <1,3>: 0, <2,1>: 0, <2,2>: 0, <2,3>: 0, <3,1>: 0, <3,2>: 0, <3,3>: 0, <4,1>: 0, <4,2>: 0, <5,1>: 0, <5,2>: 0 ]#;


B_io=[[{ }{ }{ }{ }{ }][{ }{ }{ }{ }{ }][{ }{ }{ }{ }{ }]]; 
B_iob=[[[ 0 0 0 0 0 0 0 0 0 ][ 0 0 0 0 0 0 0 0 0 ][ 0 0 0 0 0 0 0 0 0 ][ 0 0 0 0 0 0 0 0 0 ][ 0 0 0 0 0 0 0 0 0 ]][[ 0 0 0 0 0 0 0 0 0 ][ 0 0 0 0 0 0 0 0 0 ][ 0 0 0 0 0 0 0 0 0 ][ 0 0 0 0 0 0 0 0 0 ][ 0 0 0 0 0 0 0 0 0 ]][[ 0 0 0 0 0 0 0 0 0 ][ 0 0 0 0 0 0 0 0 0 ][ 0 0 0 0 0 0 0 0 0 ][ 0 0 0 0 0 0 0 0 0 ][ 0 0 0 0 0 0 0 0 0 ]]]; 
S_iob=[[[ 0 0 0 0 0 0 0 0 0 ][ 0 0 0 0 0 0 0 0 0 ][ 0 0 0 0 0 0 0 0 0 ][ 0 0 0 0 0 0 0 0 0 ][ 0 0 0 0 0 0 0 0 0 ]][[ 0 0 0 0 0 0 0 0 0 ][ 0 0 0 0 0 0 0 0 0 ][ 0 0 0 0 0 0 0 0 0 ][ 0 0 0 0 0 0 0 0 0 ][ 0 0 0 0 0 0 0 0 0 ]][[ 0 0 0 0 0 0 0 0 0 ][ 0 0 0 0 0 0 0 0 0 ][ 0 0 0 0 0 0 0 0 0 ][ 0 0 0 0 0 0 0 0 0 ][ 0 0 0 0 0 0 0 0 0 ]]]; 
B=[ 2 3 3 ];


d=[ 136.803 115.663 127.01 119.134 116.548 124.05 131.315 102.284 125.997 ];
r=[ 4.32978 17.1654 13.4778 12.9845 15.923 11.8007 7.84961 16.271 11.1586 ];
w=[ 1.96634 2.16435 1.38226 1.02774 2.04787 2.06453 2.65256 1.9608 2.16857 ];
f=[ 1 2 3 1 2 3 1 2 3 ];
s=[ 1 1 1 1 1 1 1 1 1 ];

rts=[{ 1 2 3 4 5 }{ 1 2 3 4 5 }{ 1 2 3 4 5 }];
p=[[ 17.3505 24.5108 22.3633 15.2189 24.1061 ][ 10.3577 13.4535 23.5082 22.6661 11.5202 ][ 10.0014 21.6003 23.5278 15.7352 21.8427 ]];


tc=[[[ 999999 26.0258 999999 999999 119.165 ][ 999999 999999 36.7662 999999 93.1396 ][ 999999 999999 999999 999999 999999 ][ 999999 999999 999999 999999 999999 ][ 999999 999999 999999 999999 999999 ]][[ 999999 999999 999999 70.979 999999 ][ 999999 999999 999999 55.4424 89.4416 ][ 999999 999999 999999 35.2622 69.2614 ][ 999999 999999 999999 999999 999999 ][ 999999 999999 999999 999999 999999 ]][[ 999999 15.0021 47.4026 999999 106.297 ][ 999999 999999 32.4005 67.6921 91.2949 ][ 999999 999999 999999 35.2917 58.8944 ][ 999999 999999 999999 999999 23.6028 ][ 999999 999999 999999 999999 999999 ]]];
