//seed= 3435973836
n= 10 ;
m= 4 ;
F= 2 ;

omega= 9 ;

Stages_1={ 2 3 4 };
Stages_b={ 1 };

m_o=[ 2 2 1 2 ];
rm=#[ <1,1>: 0, <1,2>: 0, <2,1>: 0, <2,2>: 0, <3,1>: 0, <4,1>: 0, <4,2>: 0 ]#;


B_io=[[{ }{ }{ }{ }][{ }{ }{ }{ }]]; 
B_iob=[[[ 0 0 0 0 0 0 0 0 0 0 ][ 0 0 0 0 0 0 0 0 0 0 ][ 0 0 0 0 0 0 0 0 0 0 ][ 0 0 0 0 0 0 0 0 0 0 ]][[ 0 0 0 0 0 0 0 0 0 0 ][ 0 0 0 0 0 0 0 0 0 0 ][ 0 0 0 0 0 0 0 0 0 0 ][ 0 0 0 0 0 0 0 0 0 0 ]]]; 
S_iob=[[[ 0 0 0 0 0 0 0 0 0 0 ][ 0 0 0 0 0 0 0 0 0 0 ][ 0 0 0 0 0 0 0 0 0 0 ][ 0 0 0 0 0 0 0 0 0 0 ]][[ 0 0 0 0 0 0 0 0 0 0 ][ 0 0 0 0 0 0 0 0 0 0 ][ 0 0 0 0 0 0 0 0 0 0 ][ 0 0 0 0 0 0 0 0 0 0 ]]]; 
B=[ 3 ];


d=[ 139.191 93.0998 84.0424 118.208 83.8337 79.3281 130.393 119.876 113.079 98.76 ];
r=[ 56.2228 0 1.37967 41.477 2.4152 0 37.4184 34.678 27.6037 0 ];
w=[ 2.88346 2.4338 1.83826 1.19056 1.32884 2.12939 1.57841 1.51679 2.38691 2.06486 ];
f=[ 1 2 1 2 1 2 1 2 1 2 ];
s=[ 1 1 1 1 1 1 1 1 1 1 ];

rts=[{ 1 2 3 4 }{ 1 2 3 4 }];
p=[[ 22.8876 16.0842 17.5618 15.3066 ][ 13.7915 22.9341 18.9809 20.7484 ]];


tc=[[[ 999999 34.3315 58.4578 999999 ][ 999999 999999 24.1263 50.4691 ][ 999999 999999 999999 26.3427 ][ 999999 999999 999999 999999 ]][[ 999999 20.6872 999999 83.5597 ][ 999999 999999 34.4012 999999 ][ 999999 999999 999999 28.4713 ][ 999999 999999 999999 999999 ]]];
