//seed= 3435973836
n= 10 ;
m= 4 ;
F= 2 ;

omega= 9 ;

Stages_1={ 2 3 4 };
Stages_b={ 1 };

m_o=[ 2 1 1 2 ];
rm=#[ <1,1>: 0, <1,2>: 0, <2,1>: 0, <3,1>: 0, <4,1>: 0, <4,2>: 0 ]#;


B_io=[[{ }{ }{ }{ }][{ }{ }{ }{ }]]; 
B_iob=[[[ 0 0 0 0 0 0 0 0 0 0 ][ 0 0 0 0 0 0 0 0 0 0 ][ 0 0 0 0 0 0 0 0 0 0 ][ 0 0 0 0 0 0 0 0 0 0 ]][[ 0 0 0 0 0 0 0 0 0 0 ][ 0 0 0 0 0 0 0 0 0 0 ][ 0 0 0 0 0 0 0 0 0 0 ][ 0 0 0 0 0 0 0 0 0 0 ]]]; 
S_iob=[[[ 0 0 0 0 0 0 0 0 0 0 ][ 0 0 0 0 0 0 0 0 0 0 ][ 0 0 0 0 0 0 0 0 0 0 ][ 0 0 0 0 0 0 0 0 0 0 ]][[ 0 0 0 0 0 0 0 0 0 0 ][ 0 0 0 0 0 0 0 0 0 0 ][ 0 0 0 0 0 0 0 0 0 0 ][ 0 0 0 0 0 0 0 0 0 0 ]]]; 
B=[ 3 ];


d=[ 147.301 127.939 105.859 87.6023 101.374 89.6887 160.996 78.6374 160.099 77.2134 ];
r=[ 46.4399 47.4849 18.7235 0 0 10.689 65.2429 0 52.5776 0 ];
w=[ 2.02223 1.27025 2.62298 1.99857 2.98089 2.02157 1.27759 2.27379 2.87391 1.2132 ];
f=[ 1 2 1 2 1 2 1 2 1 2 ];
s=[ 1 1 1 1 1 1 1 1 1 1 ];

rts=[{ 1 2 3 4 }{ 1 2 3 4 }];
p=[[ 24.3676 17.3958 20.4582 20.6299 ][ 16.1339 20.5541 15.2173 16.567 ]];


tc=[[[ 999999 36.5515 62.6452 93.3325 ][ 999999 999999 26.0938 56.781 ][ 999999 999999 999999 999999 ][ 999999 999999 999999 999999 ]][[ 999999 24.2008 999999 77.858 ][ 999999 999999 30.8312 53.6572 ][ 999999 999999 999999 999999 ][ 999999 999999 999999 999999 ]]];
