//seed= 3435973836
n= 10 ;
m= 4 ;
F= 2 ;

omega= 9 ;

Stages_1={ 1 2 4 };
Stages_b={ 3 };

m_o=[ 2 1 2 1 ];
rm=#[ <1,1>: 0, <1,2>: 0, <2,1>: 0, <3,1>: 0, <3,2>: 0, <4,1>: 0 ]#;


B_io=[[{ }{ }{ }{ }][{ }{ }{ }{ }]]; 
B_iob=[[[ 0 0 0 0 0 0 0 0 0 0 ][ 0 0 0 0 0 0 0 0 0 0 ][ 0 0 0 0 0 0 0 0 0 0 ][ 0 0 0 0 0 0 0 0 0 0 ]][[ 0 0 0 0 0 0 0 0 0 0 ][ 0 0 0 0 0 0 0 0 0 0 ][ 0 0 0 0 0 0 0 0 0 0 ][ 0 0 0 0 0 0 0 0 0 0 ]]]; 
S_iob=[[[ 0 0 0 0 0 0 0 0 0 0 ][ 0 0 0 0 0 0 0 0 0 0 ][ 0 0 0 0 0 0 0 0 0 0 ][ 0 0 0 0 0 0 0 0 0 0 ]][[ 0 0 0 0 0 0 0 0 0 0 ][ 0 0 0 0 0 0 0 0 0 0 ][ 0 0 0 0 0 0 0 0 0 0 ][ 0 0 0 0 0 0 0 0 0 0 ]]]; 
B=[ 3 ];


d=[ 96.3224 119.078 117.849 68.5506 100.625 66.8433 98.5819 104.242 137.613 78.2563 ];
r=[ 11.3007 42.7819 36.1908 0 0 0 10.0224 37.3149 52.0462 11.9761 ];
w=[ 2.17374 2.67348 1.58753 1.39611 2.32619 2.34066 2.07179 1.50139 2.53187 1.22532 ];
f=[ 1 2 1 2 1 2 1 2 1 2 ];
s=[ 1 1 1 1 1 1 1 1 1 1 ];

rts=[{ 1 2 3 4 }{ 1 2 3 4 }];
p=[[ 22.1852 20.9391 17.1355 18.8443 ][ 14.111 13.0802 14.5211 19.9849 ]];


tc=[[[ 999999 33.2779 999999 90.3898 ][ 999999 999999 999999 57.1119 ][ 999999 999999 999999 999999 ][ 999999 999999 999999 999999 ]][[ 999999 21.1665 40.7869 62.5685 ][ 999999 999999 19.6204 999999 ][ 999999 999999 999999 999999 ][ 999999 999999 999999 999999 ]]];
