//seed= 3435973836
n= 10 ;
m= 4 ;
F= 2 ;

omega= 9 ;

Stages_1={ 1 2 3 };
Stages_b={ 4 };

m_o=[ 1 1 2 2 ];
rm=#[ <1,1>: 0, <2,1>: 0, <3,1>: 0, <3,2>: 0, <4,1>: 0, <4,2>: 0 ]#;


B_io=[[{ }{ }{ }{ }][{ }{ }{ }{ }]]; 
B_iob=[[[ 0 0 0 0 0 0 0 0 0 0 ][ 0 0 0 0 0 0 0 0 0 0 ][ 0 0 0 0 0 0 0 0 0 0 ][ 0 0 0 0 0 0 0 0 0 0 ]][[ 0 0 0 0 0 0 0 0 0 0 ][ 0 0 0 0 0 0 0 0 0 0 ][ 0 0 0 0 0 0 0 0 0 0 ][ 0 0 0 0 0 0 0 0 0 0 ]]]; 
S_iob=[[[ 0 0 0 0 0 0 0 0 0 0 ][ 0 0 0 0 0 0 0 0 0 0 ][ 0 0 0 0 0 0 0 0 0 0 ][ 0 0 0 0 0 0 0 0 0 0 ]][[ 0 0 0 0 0 0 0 0 0 0 ][ 0 0 0 0 0 0 0 0 0 0 ][ 0 0 0 0 0 0 0 0 0 0 ][ 0 0 0 0 0 0 0 0 0 0 ]]]; 
B=[ 3 ];


d=[ 144.253 105.178 142.373 160.979 114.527 108.826 156.241 127.238 98.8555 140.46 ];
r=[ 57.9212 0 55.9859 65.5224 24.9557 13.1345 73.1893 19.841 22.5262 31.3586 ];
w=[ 2.28481 2.64854 2.90503 2.56866 2.76783 2.53466 1.11371 2.27521 1.078 1.93966 ];
f=[ 1 2 1 2 1 2 1 2 1 2 ];
s=[ 1 1 1 1 1 1 1 1 1 1 ];

rts=[{ 1 2 3 4 }{ 1 2 3 4 }];
p=[[ 21.2104 16.1539 17.1315 18.7978 ][ 24.6181 24.9813 18.9375 19.7675 ]];


tc=[[[ 999999 31.8157 56.0464 81.7437 ][ 999999 999999 24.2308 49.9281 ][ 999999 999999 999999 25.6973 ][ 999999 999999 999999 999999 ]][[ 999999 999999 74.399 999999 ][ 999999 999999 999999 65.8782 ][ 999999 999999 999999 28.4063 ][ 999999 999999 999999 999999 ]]];
