//seed= 3435973836
n= 10 ;
m= 4 ;
F= 2 ;

omega= 9 ;

Stages_1={ 1 2 4 };
Stages_b={ 3 };

m_o=[ 2 2 2 2 ];
rm=#[ <1,1>: 0, <1,2>: 0, <2,1>: 0, <2,2>: 0, <3,1>: 0, <3,2>: 0, <4,1>: 0, <4,2>: 0 ]#;


B_io=[[{ }{ }{ }{ }][{ }{ }{ }{ }]]; 
B_iob=[[[ 0 0 0 0 0 0 0 0 0 0 ][ 0 0 0 0 0 0 0 0 0 0 ][ 0 0 0 0 0 0 0 0 0 0 ][ 0 0 0 0 0 0 0 0 0 0 ]][[ 0 0 0 0 0 0 0 0 0 0 ][ 0 0 0 0 0 0 0 0 0 0 ][ 0 0 0 0 0 0 0 0 0 0 ][ 0 0 0 0 0 0 0 0 0 0 ]]]; 
S_iob=[[[ 0 0 0 0 0 0 0 0 0 0 ][ 0 0 0 0 0 0 0 0 0 0 ][ 0 0 0 0 0 0 0 0 0 0 ][ 0 0 0 0 0 0 0 0 0 0 ]][[ 0 0 0 0 0 0 0 0 0 0 ][ 0 0 0 0 0 0 0 0 0 0 ][ 0 0 0 0 0 0 0 0 0 0 ][ 0 0 0 0 0 0 0 0 0 0 ]]]; 
B=[ 3 ];


d=[ 94.1867 80.8993 108.563 73.2482 96.4509 59.6867 97.592 67.018 104.662 91.2824 ];
r=[ 24.4507 30.5979 23.4913 19.0326 18.7995 1.67431 15.6906 10.3684 18.0308 30.2823 ];
w=[ 2.75891 2.08025 1.98227 2.98618 1.92729 1.39837 1.70453 1.21425 1.224 2.45582 ];
f=[ 1 2 1 2 1 2 1 2 1 2 ];
s=[ 1 1 1 1 1 1 1 1 1 1 ];

rts=[{ 1 2 3 4 }{ 1 2 3 4 }];
p=[[ 24.8678 11.1693 14.4076 18.2884 ][ 11.6193 13.3312 10.3284 12.6132 ]];


tc=[[[ 999999 37.3017 54.0557 999999 ][ 999999 999999 999999 38.3653 ][ 999999 999999 999999 21.6114 ][ 999999 999999 999999 999999 ]][[ 999999 17.4289 37.4257 52.9183 ][ 999999 999999 19.9967 35.4893 ][ 999999 999999 999999 15.4926 ][ 999999 999999 999999 999999 ]]];
