//seed= 3435973836
n= 8 ;
m= 3 ;
F= 2 ;

omega= 9 ;

Stages_1={ };
Stages_b={ 1 2 3 };

m_o=[ 2 2 3 ];
rm=#[ <1,1>: 0, <1,2>: 0, <2,1>: 0, <2,2>: 0, <3,1>: 0, <3,2>: 0, <3,3>: 0 ]#;


B_io=[[{ }{ }{ }][{ }{ }{ }]]; 
B_iob=[[[ 0 0 0 0 0 0 0 0 ][ 0 0 0 0 0 0 0 0 ][ 0 0 0 0 0 0 0 0 ]][[ 0 0 0 0 0 0 0 0 ][ 0 0 0 0 0 0 0 0 ][ 0 0 0 0 0 0 0 0 ]]]; 
S_iob=[[[ 0 0 0 0 0 0 0 0 ][ 0 0 0 0 0 0 0 0 ][ 0 0 0 0 0 0 0 0 ]][[ 0 0 0 0 0 0 0 0 ][ 0 0 0 0 0 0 0 0 ][ 0 0 0 0 0 0 0 0 ]]]; 
B=[ 3 3 2 ];


d=[ 70 97 90 61 82 75 75 92 ];
r=[ 11 30 26 3 10 15 15 27 ];
w=[ 1.67407 2.36308 1.32102 2.2817 1.6526 2.30529 2.33467 1.52626 ];
f=[ 1 2 1 2 1 2 1 2 ];
s=[ 1 1 1 1 1 1 1 1 ];

rts=[{ 1 2 3 }{ 1 2 3 }];
p=[[ 17 20 21 ][ 16 21 15 ]];


tc=[[[ 999999 26 56 ][ 999999 999999 30 ][ 999999 999999 999999 ]][[ 999999 999999 56 ][ 999999 999999 32 ][ 999999 999999 999999 ]]];
