//seed= 3435973836
n= 10 ;
m= 4 ;
F= 2 ;

omega= 9 ;

Stages_1={ 1 3 4 };
Stages_b={ 2 };

m_o=[ 1 1 2 1 ];
rm=#[ <1,1>: 0, <2,1>: 0, <3,1>: 0, <3,2>: 0, <4,1>: 0 ]#;


B_io=[[{ }{ }{ }{ }][{ }{ }{ }{ }]]; 
B_iob=[[[ 0 0 0 0 0 0 0 0 0 0 ][ 0 0 0 0 0 0 0 0 0 0 ][ 0 0 0 0 0 0 0 0 0 0 ][ 0 0 0 0 0 0 0 0 0 0 ]][[ 0 0 0 0 0 0 0 0 0 0 ][ 0 0 0 0 0 0 0 0 0 0 ][ 0 0 0 0 0 0 0 0 0 0 ][ 0 0 0 0 0 0 0 0 0 0 ]]]; 
S_iob=[[[ 0 0 0 0 0 0 0 0 0 0 ][ 0 0 0 0 0 0 0 0 0 0 ][ 0 0 0 0 0 0 0 0 0 0 ][ 0 0 0 0 0 0 0 0 0 0 ]][[ 0 0 0 0 0 0 0 0 0 0 ][ 0 0 0 0 0 0 0 0 0 0 ][ 0 0 0 0 0 0 0 0 0 0 ][ 0 0 0 0 0 0 0 0 0 0 ]]]; 
B=[ 3 ];


d=[ 94.144 80.8013 149.064 111.563 76.9722 79.8707 87.8913 79.9286 63.3764 130.263 ];
r=[ 16.5075 0 68.6537 39.8098 0 6.027 16.4681 0 0 48.9962 ];
w=[ 1.4655 1.6001 2.97302 1.36384 2.77384 2.06503 2.3329 2.2226 1.1349 1.37052 ];
f=[ 1 2 1 2 1 2 1 2 1 2 ];
s=[ 1 1 1 1 1 1 1 1 1 1 ];

rts=[{ 1 2 3 4 }{ 1 2 3 4 }];
p=[[ 13.9215 14.768 18.0741 15.3827 ][ 19.3855 11.2642 15.5354 22.9256 ]];


tc=[[[ 999999 20.8823 43.0343 70.1454 ][ 999999 999999 999999 999999 ][ 999999 999999 999999 999999 ][ 999999 999999 999999 999999 ]][[ 999999 29.0782 45.9744 69.2776 ][ 999999 999999 999999 40.1994 ][ 999999 999999 999999 23.3031 ][ 999999 999999 999999 999999 ]]];
