//seed= 3435973836
n= 10 ;
m= 4 ;
F= 2 ;

omega= 9 ;

Stages_1={ 1 2 4 };
Stages_b={ 3 };

m_o=[ 1 2 2 1 ];
rm=#[ <1,1>: 0, <2,1>: 0, <2,2>: 0, <3,1>: 0, <3,2>: 0, <4,1>: 0 ]#;


B_io=[[{ }{ }{ }{ }][{ }{ }{ }{ }]]; 
B_iob=[[[ 0 0 0 0 0 0 0 0 0 0 ][ 0 0 0 0 0 0 0 0 0 0 ][ 0 0 0 0 0 0 0 0 0 0 ][ 0 0 0 0 0 0 0 0 0 0 ]][[ 0 0 0 0 0 0 0 0 0 0 ][ 0 0 0 0 0 0 0 0 0 0 ][ 0 0 0 0 0 0 0 0 0 0 ][ 0 0 0 0 0 0 0 0 0 0 ]]]; 
S_iob=[[[ 0 0 0 0 0 0 0 0 0 0 ][ 0 0 0 0 0 0 0 0 0 0 ][ 0 0 0 0 0 0 0 0 0 0 ][ 0 0 0 0 0 0 0 0 0 0 ]][[ 0 0 0 0 0 0 0 0 0 0 ][ 0 0 0 0 0 0 0 0 0 0 ][ 0 0 0 0 0 0 0 0 0 0 ][ 0 0 0 0 0 0 0 0 0 0 ]]]; 
B=[ 3 ];


d=[ 97.316 94.9244 109.737 114.28 87.6989 83.9044 100.737 126.792 81.2688 102.871 ];
r=[ 20.5746 7.50574 36.4365 26.9545 0 10.5086 11.0552 42.4831 0 25.5467 ];
w=[ 2.05381 2.98855 1.59679 2.81391 2.73779 2.61788 1.67054 2.06519 2.50908 1.08066 ];
f=[ 1 2 1 2 1 2 1 2 1 2 ];
s=[ 1 1 1 1 1 1 1 1 1 1 ];

rts=[{ 1 2 3 4 }{ 1 2 3 4 }];
p=[[ 14.301 18.5996 22.9999 16.7121 ][ 21.7294 17.8263 14.2731 14.8973 ]];


tc=[[[ 999999 21.4516 49.351 83.8509 ][ 999999 999999 27.8995 62.3993 ][ 999999 999999 999999 34.4998 ][ 999999 999999 999999 999999 ]][[ 999999 32.5941 59.3336 80.7433 ][ 999999 999999 26.7395 48.1492 ][ 999999 999999 999999 21.4097 ][ 999999 999999 999999 999999 ]]];
