//seed= 3435973836
n= 10 ;
m= 4 ;
F= 2 ;

omega= 9 ;

Stages_1={ 1 2 3 };
Stages_b={ 4 };

m_o=[ 2 1 2 2 ];
rm=#[ <1,1>: 0, <1,2>: 0, <2,1>: 0, <3,1>: 0, <3,2>: 0, <4,1>: 0, <4,2>: 0 ]#;


B_io=[[{ }{ }{ }{ }][{ }{ }{ }{ }]]; 
B_iob=[[[ 0 0 0 0 0 0 0 0 0 0 ][ 0 0 0 0 0 0 0 0 0 0 ][ 0 0 0 0 0 0 0 0 0 0 ][ 0 0 0 0 0 0 0 0 0 0 ]][[ 0 0 0 0 0 0 0 0 0 0 ][ 0 0 0 0 0 0 0 0 0 0 ][ 0 0 0 0 0 0 0 0 0 0 ][ 0 0 0 0 0 0 0 0 0 0 ]]]; 
S_iob=[[[ 0 0 0 0 0 0 0 0 0 0 ][ 0 0 0 0 0 0 0 0 0 0 ][ 0 0 0 0 0 0 0 0 0 0 ][ 0 0 0 0 0 0 0 0 0 0 ]][[ 0 0 0 0 0 0 0 0 0 0 ][ 0 0 0 0 0 0 0 0 0 0 ][ 0 0 0 0 0 0 0 0 0 0 ][ 0 0 0 0 0 0 0 0 0 0 ]]]; 
B=[ 3 ];


d=[ 79.4021 153.511 78.417 131.094 77.3234 80.3862 69.4916 105.372 72.1216 140.919 ];
r=[ 0 57.3587 7.97883 36.9726 5.10009 0 0 3.95808 4.51533 43.7512 ];
w=[ 2.35628 2.27687 1.30313 1.64698 1.58768 1.44416 2.17424 1.39919 2.0585 2.80075 ];
f=[ 1 2 1 2 1 2 1 2 1 2 ];
s=[ 1 1 1 1 1 1 1 1 1 1 ];

rts=[{ 1 2 3 4 }{ 1 2 3 4 }];
p=[[ 16.6299 12.9769 12.2431 20.1035 ][ 16.1086 21.9161 16.8523 24.9846 ]];


tc=[[[ 999999 24.9449 999999 999999 ][ 999999 999999 19.4653 999999 ][ 999999 999999 999999 18.3647 ][ 999999 999999 999999 999999 ]][[ 999999 24.1629 57.0371 82.3155 ][ 999999 999999 32.8742 999999 ][ 999999 999999 999999 999999 ][ 999999 999999 999999 999999 ]]];
