//seed= 3435973836
n= 10 ;
m= 4 ;
F= 2 ;

omega= 9 ;

Stages_1={ 1 2 4 };
Stages_b={ 3 };

m_o=[ 2 2 2 2 ];
rm=#[ <1,1>: 0, <1,2>: 0, <2,1>: 0, <2,2>: 0, <3,1>: 0, <3,2>: 0, <4,1>: 0, <4,2>: 0 ]#;


B_io=[[{ }{ }{ }{ }][{ }{ }{ }{ }]]; 
B_iob=[[[ 0 0 0 0 0 0 0 0 0 0 ][ 0 0 0 0 0 0 0 0 0 0 ][ 0 0 0 0 0 0 0 0 0 0 ][ 0 0 0 0 0 0 0 0 0 0 ]][[ 0 0 0 0 0 0 0 0 0 0 ][ 0 0 0 0 0 0 0 0 0 0 ][ 0 0 0 0 0 0 0 0 0 0 ][ 0 0 0 0 0 0 0 0 0 0 ]]]; 
S_iob=[[[ 0 0 0 0 0 0 0 0 0 0 ][ 0 0 0 0 0 0 0 0 0 0 ][ 0 0 0 0 0 0 0 0 0 0 ][ 0 0 0 0 0 0 0 0 0 0 ]][[ 0 0 0 0 0 0 0 0 0 0 ][ 0 0 0 0 0 0 0 0 0 0 ][ 0 0 0 0 0 0 0 0 0 0 ][ 0 0 0 0 0 0 0 0 0 0 ]]]; 
B=[ 3 ];


d=[ 75.7562 106.905 92.8643 81.0658 86.5186 115.577 96.5284 126.814 77.0437 97.9095 ];
r=[ 0 20.4492 0 0 0 18.7063 21.6705 35.5583 0 6.86426 ];
w=[ 1.27241 2.87305 1.60692 2.41346 2.21397 2.84461 1.147 1.6093 1.87348 2.7616 ];
f=[ 1 2 1 2 1 2 1 2 1 2 ];
s=[ 1 1 1 1 1 1 1 1 1 1 ];

rts=[{ 1 2 3 4 }{ 1 2 3 4 }];
p=[[ 22.121 23.145 12.0909 17.3805 ][ 16.5068 19.7426 22.3821 16.6876 ]];


tc=[[[ 999999 33.1814 67.899 86.0354 ][ 999999 999999 34.7175 52.8539 ][ 999999 999999 999999 18.1364 ][ 999999 999999 999999 999999 ]][[ 999999 24.7602 54.3741 87.9472 ][ 999999 999999 29.6139 63.1871 ][ 999999 999999 999999 33.5731 ][ 999999 999999 999999 999999 ]]];
