//seed= 3435973836
n= 10 ;
m= 4 ;
F= 2 ;

omega= 9 ;

Stages_1={ 1 2 3 };
Stages_b={ 4 };

m_o=[ 1 2 2 2 ];
rm=#[ <1,1>: 0, <2,1>: 0, <2,2>: 0, <3,1>: 0, <3,2>: 0, <4,1>: 0, <4,2>: 0 ]#;


B_io=[[{ }{ }{ }{ }][{ }{ }{ }{ }]]; 
B_iob=[[[ 0 0 0 0 0 0 0 0 0 0 ][ 0 0 0 0 0 0 0 0 0 0 ][ 0 0 0 0 0 0 0 0 0 0 ][ 0 0 0 0 0 0 0 0 0 0 ]][[ 0 0 0 0 0 0 0 0 0 0 ][ 0 0 0 0 0 0 0 0 0 0 ][ 0 0 0 0 0 0 0 0 0 0 ][ 0 0 0 0 0 0 0 0 0 0 ]]]; 
S_iob=[[[ 0 0 0 0 0 0 0 0 0 0 ][ 0 0 0 0 0 0 0 0 0 0 ][ 0 0 0 0 0 0 0 0 0 0 ][ 0 0 0 0 0 0 0 0 0 0 ]][[ 0 0 0 0 0 0 0 0 0 0 ][ 0 0 0 0 0 0 0 0 0 0 ][ 0 0 0 0 0 0 0 0 0 0 ][ 0 0 0 0 0 0 0 0 0 0 ]]]; 
B=[ 3 ];


d=[ 155.834 145.521 137.759 134.341 118.189 95.4484 83.6464 112.319 154.723 79.8219 ];
r=[ 63.8702 61.4226 42.2666 56.4635 40.7663 16.6062 0 34.0131 65.1466 0 ];
w=[ 2.4512 2.41626 2.57471 1.30281 1.27316 2.01245 1.30183 2.13691 2.47003 1.51176 ];
f=[ 1 2 1 2 1 2 1 2 1 2 ];
s=[ 1 1 1 1 1 1 1 1 1 1 ];

rts=[{ 1 2 3 4 }{ 1 2 3 4 }];
p=[[ 20.7005 15.643 19.1292 20.3491 ][ 14.9757 21.4455 15.5079 16.1453 ]];


tc=[[[ 999999 999999 999999 83.209 ][ 999999 999999 23.4645 52.1583 ][ 999999 999999 999999 999999 ][ 999999 999999 999999 999999 ]][[ 999999 22.4635 54.6317 999999 ][ 999999 999999 32.1682 55.4301 ][ 999999 999999 999999 23.2619 ][ 999999 999999 999999 999999 ]]];
