//seed= 3435973836
n= 10 ;
m= 4 ;
F= 2 ;

omega= 9 ;

Stages_1={ 2 3 4 };
Stages_b={ 1 };

m_o=[ 2 1 1 1 ];
rm=#[ <1,1>: 0, <1,2>: 0, <2,1>: 0, <3,1>: 0, <4,1>: 0 ]#;


B_io=[[{ }{ }{ }{ }][{ }{ }{ }{ }]]; 
B_iob=[[[ 0 0 0 0 0 0 0 0 0 0 ][ 0 0 0 0 0 0 0 0 0 0 ][ 0 0 0 0 0 0 0 0 0 0 ][ 0 0 0 0 0 0 0 0 0 0 ]][[ 0 0 0 0 0 0 0 0 0 0 ][ 0 0 0 0 0 0 0 0 0 0 ][ 0 0 0 0 0 0 0 0 0 0 ][ 0 0 0 0 0 0 0 0 0 0 ]]]; 
S_iob=[[[ 0 0 0 0 0 0 0 0 0 0 ][ 0 0 0 0 0 0 0 0 0 0 ][ 0 0 0 0 0 0 0 0 0 0 ][ 0 0 0 0 0 0 0 0 0 0 ]][[ 0 0 0 0 0 0 0 0 0 0 ][ 0 0 0 0 0 0 0 0 0 0 ][ 0 0 0 0 0 0 0 0 0 0 ][ 0 0 0 0 0 0 0 0 0 0 ]]]; 
B=[ 3 ];


d=[ 89.372 91.8159 98.6986 147.167 101.211 77.1183 78.1569 100.272 73.6853 72.9851 ];
r=[ 14.8254 9.03427 24.246 64.2296 32.8366 0 9.87209 15.8183 0 0 ];
w=[ 2.81205 2.148 1.16266 1.72578 2.39734 1.61541 1.24115 2.97369 2.922 1.05003 ];
f=[ 1 2 1 2 1 2 1 2 1 2 ];
s=[ 1 1 1 1 1 1 1 1 1 1 ];

rts=[{ 1 2 3 4 }{ 1 2 3 4 }];
p=[[ 24.0557 16.9447 12.5929 12.5662 ][ 22.6059 19.2049 11.4631 14.47 ]];


tc=[[[ 999999 999999 61.5006 999999 ][ 999999 999999 999999 44.3064 ][ 999999 999999 999999 18.8893 ][ 999999 999999 999999 999999 ]][[ 999999 33.9089 62.7163 79.9109 ][ 999999 999999 28.8074 46.002 ][ 999999 999999 999999 17.1946 ][ 999999 999999 999999 999999 ]]];
