//seed= 3435973836
n= 10 ;
m= 4 ;
F= 2 ;

omega= 9 ;

Stages_1={ 1 2 4 };
Stages_b={ 3 };

m_o=[ 1 1 2 1 ];
rm=#[ <1,1>: 0, <2,1>: 0, <3,1>: 0, <3,2>: 0, <4,1>: 0 ]#;


B_io=[[{ }{ }{ }{ }][{ }{ }{ }{ }]]; 
B_iob=[[[ 0 0 0 0 0 0 0 0 0 0 ][ 0 0 0 0 0 0 0 0 0 0 ][ 0 0 0 0 0 0 0 0 0 0 ][ 0 0 0 0 0 0 0 0 0 0 ]][[ 0 0 0 0 0 0 0 0 0 0 ][ 0 0 0 0 0 0 0 0 0 0 ][ 0 0 0 0 0 0 0 0 0 0 ][ 0 0 0 0 0 0 0 0 0 0 ]]]; 
S_iob=[[[ 0 0 0 0 0 0 0 0 0 0 ][ 0 0 0 0 0 0 0 0 0 0 ][ 0 0 0 0 0 0 0 0 0 0 ][ 0 0 0 0 0 0 0 0 0 0 ]][[ 0 0 0 0 0 0 0 0 0 0 ][ 0 0 0 0 0 0 0 0 0 0 ][ 0 0 0 0 0 0 0 0 0 0 ][ 0 0 0 0 0 0 0 0 0 0 ]]]; 
B=[ 3 ];


d=[ 73.3637 143.946 79.2383 78.8634 156.491 84.5659 120.978 136.617 91.4954 96.89 ];
r=[ 0 70.1309 0 11.9485 68.8788 0 40.6056 65.8262 11.9033 20.5819 ];
w=[ 1.21765 2.0562 2.85459 1.30578 1.03955 1.43571 2.06474 2.19458 2.5613 2.14463 ];
f=[ 1 2 1 2 1 2 1 2 1 2 ];
s=[ 1 1 1 1 1 1 1 1 1 1 ];

rts=[{ 1 2 3 4 }{ 1 2 3 4 }];
p=[[ 18.7326 20.4238 14.0714 19.3809 ][ 12.867 21.2315 12.9108 19.0376 ]];


tc=[[[ 999999 999999 58.7346 79.8417 ][ 999999 999999 999999 51.7428 ][ 999999 999999 999999 21.1071 ][ 999999 999999 999999 999999 ]][[ 999999 19.3005 51.1478 70.514 ][ 999999 999999 31.8473 51.2135 ][ 999999 999999 999999 19.3662 ][ 999999 999999 999999 999999 ]]];
