//seed= 3435973836
n= 10 ;
m= 4 ;
F= 2 ;

omega= 9 ;

Stages_1={ 1 3 4 };
Stages_b={ 2 };

m_o=[ 2 2 2 2 ];
rm=#[ <1,1>: 0, <1,2>: 0, <2,1>: 0, <2,2>: 0, <3,1>: 0, <3,2>: 0, <4,1>: 0, <4,2>: 0 ]#;


B_io=[[{ }{ }{ }{ }][{ }{ }{ }{ }]]; 
B_iob=[[[ 0 0 0 0 0 0 0 0 0 0 ][ 0 0 0 0 0 0 0 0 0 0 ][ 0 0 0 0 0 0 0 0 0 0 ][ 0 0 0 0 0 0 0 0 0 0 ]][[ 0 0 0 0 0 0 0 0 0 0 ][ 0 0 0 0 0 0 0 0 0 0 ][ 0 0 0 0 0 0 0 0 0 0 ][ 0 0 0 0 0 0 0 0 0 0 ]]]; 
S_iob=[[[ 0 0 0 0 0 0 0 0 0 0 ][ 0 0 0 0 0 0 0 0 0 0 ][ 0 0 0 0 0 0 0 0 0 0 ][ 0 0 0 0 0 0 0 0 0 0 ]][[ 0 0 0 0 0 0 0 0 0 0 ][ 0 0 0 0 0 0 0 0 0 0 ][ 0 0 0 0 0 0 0 0 0 0 ][ 0 0 0 0 0 0 0 0 0 0 ]]]; 
B=[ 3 ];


d=[ 72.581 85.6524 96.9839 95.9038 70.1 141.451 77.1261 92.9151 88.9691 96.9477 ];
r=[ 13.7362 0 24.6283 2.19056 0 33.9119 5.92127 0 29.1834 0 ];
w=[ 2.07046 2.77579 1.2265 1.60197 1.29909 1.91364 2.99308 2.15132 1.58321 1.8577 ];
f=[ 1 2 1 2 1 2 1 2 1 2 ];
s=[ 1 1 1 1 1 1 1 1 1 1 ];

rts=[{ 1 2 3 4 }{ 1 2 3 4 }];
p=[[ 14.5298 21.1607 10.7085 11.9171 ][ 18.556 24.3734 15.7603 24.0522 ]];


tc=[[[ 999999 21.7947 53.5358 999999 ][ 999999 999999 31.7411 47.8039 ][ 999999 999999 999999 16.0628 ][ 999999 999999 999999 999999 ]][[ 999999 27.834 999999 88.0344 ][ 999999 999999 999999 60.2004 ][ 999999 999999 999999 23.6404 ][ 999999 999999 999999 999999 ]]];
