//seed= 3435973836
n= 10 ;
m= 4 ;
F= 2 ;

omega= 9 ;

Stages_1={ 1 2 3 };
Stages_b={ 4 };

m_o=[ 2 2 1 2 ];
rm=#[ <1,1>: 0, <1,2>: 0, <2,1>: 0, <2,2>: 0, <3,1>: 0, <4,1>: 0, <4,2>: 0 ]#;


B_io=[[{ }{ }{ }{ }][{ }{ }{ }{ }]]; 
B_iob=[[[ 0 0 0 0 0 0 0 0 0 0 ][ 0 0 0 0 0 0 0 0 0 0 ][ 0 0 0 0 0 0 0 0 0 0 ][ 0 0 0 0 0 0 0 0 0 0 ]][[ 0 0 0 0 0 0 0 0 0 0 ][ 0 0 0 0 0 0 0 0 0 0 ][ 0 0 0 0 0 0 0 0 0 0 ][ 0 0 0 0 0 0 0 0 0 0 ]]]; 
S_iob=[[[ 0 0 0 0 0 0 0 0 0 0 ][ 0 0 0 0 0 0 0 0 0 0 ][ 0 0 0 0 0 0 0 0 0 0 ][ 0 0 0 0 0 0 0 0 0 0 ]][[ 0 0 0 0 0 0 0 0 0 0 ][ 0 0 0 0 0 0 0 0 0 0 ][ 0 0 0 0 0 0 0 0 0 0 ][ 0 0 0 0 0 0 0 0 0 0 ]]]; 
B=[ 3 ];


d=[ 110.475 91.9761 57.4647 121.984 114.426 153.546 95.8204 110.689 101.542 140.575 ];
r=[ 55.0973 7.96295 0 18.447 52.0985 50.8263 30.2953 9.04264 40.2428 52.3149 ];
w=[ 2.19141 2.6646 2.79943 1.08621 2.49404 1.72883 2.97118 2.96132 2.76813 2.37709 ];
f=[ 1 2 1 2 1 2 1 2 1 2 ];
s=[ 1 1 1 1 1 1 1 1 1 1 ];

rts=[{ 1 2 3 4 }{ 1 2 3 4 }];
p=[[ 17.2872 11.5079 11.6324 10.5199 ][ 24.5814 23.4688 17.9215 15.8807 ]];


tc=[[[ 999999 999999 43.1927 999999 ][ 999999 999999 17.2618 34.7104 ][ 999999 999999 999999 17.4486 ][ 999999 999999 999999 999999 ]][[ 999999 36.8722 72.0754 98.9576 ][ 999999 999999 35.2032 62.0854 ][ 999999 999999 999999 26.8822 ][ 999999 999999 999999 999999 ]]];
