//seed= 3435973836
n= 9 ;
m= 4 ;
F= 3 ;

omega= 9 ;

Stages_1={ 4 };
Stages_b={ 1 2 3 };

m_o=[ 3 3 2 2 ];
rm=#[ <1,1>: 0, <1,2>: 0, <1,3>: 0, <2,1>: 0, <2,2>: 0, <2,3>: 0, <3,1>: 0, <3,2>: 0, <4,1>: 0, <4,2>: 0 ]#;


B_io=[[{ }{ }{ }{ }][{ }{ }{ }{ }][{ }{ }{ }{ }]]; 
B_iob=[[[ 0 0 0 0 0 0 0 0 0 ][ 0 0 0 0 0 0 0 0 0 ][ 0 0 0 0 0 0 0 0 0 ][ 0 0 0 0 0 0 0 0 0 ]][[ 0 0 0 0 0 0 0 0 0 ][ 0 0 0 0 0 0 0 0 0 ][ 0 0 0 0 0 0 0 0 0 ][ 0 0 0 0 0 0 0 0 0 ]][[ 0 0 0 0 0 0 0 0 0 ][ 0 0 0 0 0 0 0 0 0 ][ 0 0 0 0 0 0 0 0 0 ][ 0 0 0 0 0 0 0 0 0 ]]]; 
S_iob=[[[ 0 0 0 0 0 0 0 0 0 ][ 0 0 0 0 0 0 0 0 0 ][ 0 0 0 0 0 0 0 0 0 ][ 0 0 0 0 0 0 0 0 0 ]][[ 0 0 0 0 0 0 0 0 0 ][ 0 0 0 0 0 0 0 0 0 ][ 0 0 0 0 0 0 0 0 0 ][ 0 0 0 0 0 0 0 0 0 ]][[ 0 0 0 0 0 0 0 0 0 ][ 0 0 0 0 0 0 0 0 0 ][ 0 0 0 0 0 0 0 0 0 ][ 0 0 0 0 0 0 0 0 0 ]]]; 
B=[ 2 3 2 ];


d=[ 91 113 124 95 92 124 89 105 109 ];
r=[ 21 21 16 17 2 18 16 14 4 ];
w=[ 1.67208 2.80846 1.54285 1.38811 1.48754 1.96566 2.08195 2.70005 2.69954 ];
f=[ 1 2 3 1 2 3 1 2 3 ];
s=[ 1 1 1 1 1 1 1 1 1 ];

rts=[{ 1 2 3 4 }{ 1 2 3 4 }{ 1 2 3 4 }];
p=[[ 24 16 13 13 ][ 24 16 12 22 ][ 23 19 24 25 ]];


tc=[[[ 999999 999999 999999 80 ][ 999999 999999 24 44 ][ 999999 999999 999999 999999 ][ 999999 999999 999999 999999 ]][[ 999999 36 999999 999999 ][ 999999 999999 24 999999 ][ 999999 999999 999999 999999 ][ 999999 999999 999999 999999 ]][[ 999999 35 999999 999999 ][ 999999 999999 999999 65 ][ 999999 999999 999999 36 ][ 999999 999999 999999 999999 ]]];
