//seed= 3435973836
n= 9 ;
m= 4 ;
F= 3 ;

omega= 9 ;

Stages_1={ 1 3 4 };
Stages_b={ 2 };

m_o=[ 3 3 3 2 ];
rm=#[ <1,1>: 0, <1,2>: 0, <1,3>: 0, <2,1>: 0, <2,2>: 0, <2,3>: 0, <3,1>: 0, <3,2>: 0, <3,3>: 0, <4,1>: 0, <4,2>: 0 ]#;


B_io=[[{ }{ }{ }{ }][{ }{ }{ }{ }][{ }{ }{ }{ }]]; 
B_iob=[[[ 0 0 0 0 0 0 0 0 0 ][ 0 0 0 0 0 0 0 0 0 ][ 0 0 0 0 0 0 0 0 0 ][ 0 0 0 0 0 0 0 0 0 ]][[ 0 0 0 0 0 0 0 0 0 ][ 0 0 0 0 0 0 0 0 0 ][ 0 0 0 0 0 0 0 0 0 ][ 0 0 0 0 0 0 0 0 0 ]][[ 0 0 0 0 0 0 0 0 0 ][ 0 0 0 0 0 0 0 0 0 ][ 0 0 0 0 0 0 0 0 0 ][ 0 0 0 0 0 0 0 0 0 ]]]; 
S_iob=[[[ 0 0 0 0 0 0 0 0 0 ][ 0 0 0 0 0 0 0 0 0 ][ 0 0 0 0 0 0 0 0 0 ][ 0 0 0 0 0 0 0 0 0 ]][[ 0 0 0 0 0 0 0 0 0 ][ 0 0 0 0 0 0 0 0 0 ][ 0 0 0 0 0 0 0 0 0 ][ 0 0 0 0 0 0 0 0 0 ]][[ 0 0 0 0 0 0 0 0 0 ][ 0 0 0 0 0 0 0 0 0 ][ 0 0 0 0 0 0 0 0 0 ][ 0 0 0 0 0 0 0 0 0 ]]]; 
B=[ 2 ];


d=[ 96 92 99 84 83 97 89 105 86 ];
r=[ 10 14 1 8 8 4 13 10 9 ];
w=[ 1.06763 1.56729 2.90299 2.6659 1.34016 1.94531 2.91848 1.59229 2.44143 ];
f=[ 1 2 3 1 2 3 1 2 3 ];
s=[ 1 1 1 1 1 1 1 1 1 ];

rts=[{ 1 2 3 4 }{ 1 2 3 4 }{ 1 2 3 4 }];
p=[[ 22 19 20 10 ][ 21 23 12 17 ][ 18 23 24 12 ]];


tc=[[[ 999999 999999 999999 92 ][ 999999 999999 29 59 ][ 999999 999999 999999 999999 ][ 999999 999999 999999 999999 ]][[ 999999 999999 999999 84 ][ 999999 999999 999999 999999 ][ 999999 999999 999999 18 ][ 999999 999999 999999 999999 ]][[ 999999 27 62 999999 ][ 999999 999999 35 999999 ][ 999999 999999 999999 999999 ][ 999999 999999 999999 999999 ]]];
