//seed= 3435973836
n= 8 ;
m= 3 ;
F= 2 ;

omega= 9 ;

Stages_1={ 2 3 };
Stages_b={ 1 };

m_o=[ 2 2 3 ];
rm=#[ <1,1>: 0, <1,2>: 0, <2,1>: 0, <2,2>: 0, <3,1>: 0, <3,2>: 0, <3,3>: 0 ]#;


B_io=[[{ }{ }{ }][{ }{ }{ }]]; 
B_iob=[[[ 0 0 0 0 0 0 0 0 ][ 0 0 0 0 0 0 0 0 ][ 0 0 0 0 0 0 0 0 ]][[ 0 0 0 0 0 0 0 0 ][ 0 0 0 0 0 0 0 0 ][ 0 0 0 0 0 0 0 0 ]]]; 
S_iob=[[[ 0 0 0 0 0 0 0 0 ][ 0 0 0 0 0 0 0 0 ][ 0 0 0 0 0 0 0 0 ]][[ 0 0 0 0 0 0 0 0 ][ 0 0 0 0 0 0 0 0 ][ 0 0 0 0 0 0 0 0 ]]]; 
B=[ 2 ];


d=[ 48 70 58 62 74 59 55 68 ];
r=[ 3 9 5 11 19 10 4 12 ];
w=[ 2.67379 1.5766 2.15468 1.59379 2.64385 1.55161 2.24202 2.16443 ];
f=[ 1 2 1 2 1 2 1 2 ];
s=[ 1 1 1 1 1 1 1 1 ];

rts=[{ 1 2 3 }{ 1 2 3 }];
p=[[ 15 10 20 ][ 20 11 17 ]];


tc=[[[ 999999 23 38 ][ 999999 999999 15 ][ 999999 999999 999999 ]][[ 999999 30 47 ][ 999999 999999 17 ][ 999999 999999 999999 ]]];
