//seed= 3435973836
n= 10 ;
m= 5 ;
F= 2 ;

omega= 9 ;

Stages_1={ 1 5 };
Stages_b={ 2 3 4 };

m_o=[ 2 2 3 3 3 ];
rm=#[ <1,1>: 0, <1,2>: 0, <2,1>: 0, <2,2>: 0, <3,1>: 0, <3,2>: 0, <3,3>: 0, <4,1>: 0, <4,2>: 0, <4,3>: 0, <5,1>: 0, <5,2>: 0, <5,3>: 0 ]#;


B_io=[[{ }{ }{ }{ }{ }][{ }{ }{ }{ }{ }]]; 
B_iob=[[[ 0 0 0 0 0 0 0 0 0 0 ][ 0 0 0 0 0 0 0 0 0 0 ][ 0 0 0 0 0 0 0 0 0 0 ][ 0 0 0 0 0 0 0 0 0 0 ][ 0 0 0 0 0 0 0 0 0 0 ]][[ 0 0 0 0 0 0 0 0 0 0 ][ 0 0 0 0 0 0 0 0 0 0 ][ 0 0 0 0 0 0 0 0 0 0 ][ 0 0 0 0 0 0 0 0 0 0 ][ 0 0 0 0 0 0 0 0 0 0 ]]]; 
S_iob=[[[ 0 0 0 0 0 0 0 0 0 0 ][ 0 0 0 0 0 0 0 0 0 0 ][ 0 0 0 0 0 0 0 0 0 0 ][ 0 0 0 0 0 0 0 0 0 0 ][ 0 0 0 0 0 0 0 0 0 0 ]][[ 0 0 0 0 0 0 0 0 0 0 ][ 0 0 0 0 0 0 0 0 0 0 ][ 0 0 0 0 0 0 0 0 0 0 ][ 0 0 0 0 0 0 0 0 0 0 ][ 0 0 0 0 0 0 0 0 0 0 ]]]; 
B=[ 3 2 2 ];


d=[ 107.516 98.6931 117.297 117.257 104.167 109.768 122.043 121.253 110.828 100.782 ];
r=[ 7.95861 2.4388 6.69835 25.2944 0.653897 26.2009 11.2137 33.66 20.5236 15.4697 ];
w=[ 2.2226 1.13196 2.17262 2.59312 2.61113 1.04 1.60415 2.70043 2.64522 2.06808 ];
f=[ 1 2 1 2 1 2 1 2 1 2 ];
s=[ 1 1 1 1 1 1 1 1 1 1 ];

rts=[{ 1 2 3 4 5 }{ 1 2 3 4 5 }];
p=[[ 22.9256 11.1213 11.5556 23.3472 17.133 ][ 15.6419 11.3832 15.2346 20.8987 17.387 ]];


tc=[[[ 999999 999999 51.0704 68.4038 103.425 ][ 999999 999999 16.682 34.0154 69.0362 ][ 999999 999999 999999 17.3334 52.3542 ][ 999999 999999 999999 999999 35.0208 ][ 999999 999999 999999 999999 999999 ]][[ 999999 999999 999999 999999 999999 ][ 999999 999999 17.0749 39.9268 71.2748 ][ 999999 999999 999999 999999 54.1999 ][ 999999 999999 999999 999999 999999 ][ 999999 999999 999999 999999 999999 ]]];
