//seed= 3435973836
n= 9 ;
m= 5 ;
F= 3 ;

omega= 9 ;

Stages_1={ 1 2 3 5 };
Stages_b={ 4 };

m_o=[ 2 2 3 3 3 ];
rm=#[ <1,1>: 0, <1,2>: 0, <2,1>: 0, <2,2>: 0, <3,1>: 0, <3,2>: 0, <3,3>: 0, <4,1>: 0, <4,2>: 0, <4,3>: 0, <5,1>: 0, <5,2>: 0, <5,3>: 0 ]#;


B_io=[[{ }{ }{ }{ }{ }][{ }{ }{ }{ }{ }][{ }{ }{ }{ }{ }]]; 
B_iob=[[[ 0 0 0 0 0 0 0 0 0 ][ 0 0 0 0 0 0 0 0 0 ][ 0 0 0 0 0 0 0 0 0 ][ 0 0 0 0 0 0 0 0 0 ][ 0 0 0 0 0 0 0 0 0 ]][[ 0 0 0 0 0 0 0 0 0 ][ 0 0 0 0 0 0 0 0 0 ][ 0 0 0 0 0 0 0 0 0 ][ 0 0 0 0 0 0 0 0 0 ][ 0 0 0 0 0 0 0 0 0 ]][[ 0 0 0 0 0 0 0 0 0 ][ 0 0 0 0 0 0 0 0 0 ][ 0 0 0 0 0 0 0 0 0 ][ 0 0 0 0 0 0 0 0 0 ][ 0 0 0 0 0 0 0 0 0 ]]]; 
S_iob=[[[ 0 0 0 0 0 0 0 0 0 ][ 0 0 0 0 0 0 0 0 0 ][ 0 0 0 0 0 0 0 0 0 ][ 0 0 0 0 0 0 0 0 0 ][ 0 0 0 0 0 0 0 0 0 ]][[ 0 0 0 0 0 0 0 0 0 ][ 0 0 0 0 0 0 0 0 0 ][ 0 0 0 0 0 0 0 0 0 ][ 0 0 0 0 0 0 0 0 0 ][ 0 0 0 0 0 0 0 0 0 ]][[ 0 0 0 0 0 0 0 0 0 ][ 0 0 0 0 0 0 0 0 0 ][ 0 0 0 0 0 0 0 0 0 ][ 0 0 0 0 0 0 0 0 0 ][ 0 0 0 0 0 0 0 0 0 ]]]; 
B=[ 3 ];


d=[ 98.5571 117.814 97.2852 108.062 137.097 112.678 94.0551 133.252 117.888 ];
r=[ 14.528 20.2979 10.3991 21.5359 18.1583 20.7246 23.2605 19.6583 16.5172 ];
w=[ 1.57974 1.17599 1.8388 2.5009 1.53157 2.99007 2.67976 2.58886 2.37205 ];
f=[ 1 2 3 1 2 3 1 2 3 ];
s=[ 1 1 1 1 1 1 1 1 1 ];

rts=[{ 1 2 3 4 5 }{ 1 2 3 4 5 }{ 1 2 3 4 5 }];
p=[[ 16.5431 17.2872 11.5079 11.6324 10.5199 ][ 24.5814 23.4688 17.9215 15.8807 11.4204 ][ 23.9094 14.5653 15.9339 12.2947 12.2934 ]];


tc=[[[ 999999 24.8147 50.7456 999999 999999 ][ 999999 999999 25.9309 999999 999999 ][ 999999 999999 999999 17.2618 34.7104 ][ 999999 999999 999999 999999 17.4486 ][ 999999 999999 999999 999999 999999 ]][[ 999999 999999 72.0754 999999 999999 ][ 999999 999999 35.2032 999999 999999 ][ 999999 999999 999999 26.8822 50.7033 ][ 999999 999999 999999 999999 999999 ][ 999999 999999 999999 999999 999999 ]][[ 999999 999999 57.7121 999999 100.055 ][ 999999 999999 999999 999999 64.191 ][ 999999 999999 999999 23.9009 999999 ][ 999999 999999 999999 999999 999999 ][ 999999 999999 999999 999999 999999 ]]];
