//seed= 3435973836
n= 10 ;
m= 4 ;
F= 2 ;

omega= 9 ;

Stages_1={ 1 2 3 };
Stages_b={ 4 };

m_o=[ 1 1 1 2 ];
rm=#[ <1,1>: 0, <2,1>: 0, <3,1>: 0, <4,1>: 0, <4,2>: 0 ]#;


B_io=[[{ }{ }{ }{ }][{ }{ }{ }{ }]]; 
B_iob=[[[ 0 0 0 0 0 0 0 0 0 0 ][ 0 0 0 0 0 0 0 0 0 0 ][ 0 0 0 0 0 0 0 0 0 0 ][ 0 0 0 0 0 0 0 0 0 0 ]][[ 0 0 0 0 0 0 0 0 0 0 ][ 0 0 0 0 0 0 0 0 0 0 ][ 0 0 0 0 0 0 0 0 0 0 ][ 0 0 0 0 0 0 0 0 0 0 ]]]; 
S_iob=[[[ 0 0 0 0 0 0 0 0 0 0 ][ 0 0 0 0 0 0 0 0 0 0 ][ 0 0 0 0 0 0 0 0 0 0 ][ 0 0 0 0 0 0 0 0 0 0 ]][[ 0 0 0 0 0 0 0 0 0 0 ][ 0 0 0 0 0 0 0 0 0 0 ][ 0 0 0 0 0 0 0 0 0 0 ][ 0 0 0 0 0 0 0 0 0 0 ]]]; 
B=[ 3 ];


d=[ 139.138 117.703 108.011 98.726 87.2765 86.2984 70.1175 74.2376 115.207 68.34 ];
r=[ 67.3095 47.1501 23.9771 31.8581 13.2507 11.1407 0 0 39.8069 0 ];
w=[ 2.97189 2.82387 1.88733 1.25368 1.25987 1.26646 1.1086 2.53519 2.16679 2.90116 ];
f=[ 1 2 1 2 1 2 1 2 1 2 ];
s=[ 1 1 1 1 1 1 1 1 1 1 ];

rts=[{ 1 2 3 4 }{ 1 2 3 4 }];
p=[[ 21.6668 21.717 14.4906 11.4216 ][ 13.9937 16.2851 11.9523 19.8503 ]];


tc=[[[ 999999 999999 65.0757 86.8117 ][ 999999 999999 999999 54.3115 ][ 999999 999999 999999 999999 ][ 999999 999999 999999 999999 ]][[ 999999 999999 999999 999999 ][ 999999 999999 24.4276 42.3561 ][ 999999 999999 999999 17.9284 ][ 999999 999999 999999 999999 ]]];
