//seed= 3435973836
n= 9 ;
m= 5 ;
F= 3 ;

omega= 9 ;

Stages_1={ 1 2 3 4 };
Stages_b={ 5 };

m_o=[ 2 3 3 2 2 ];
rm=#[ <1,1>: 0, <1,2>: 0, <2,1>: 0, <2,2>: 0, <2,3>: 0, <3,1>: 0, <3,2>: 0, <3,3>: 0, <4,1>: 0, <4,2>: 0, <5,1>: 0, <5,2>: 0 ]#;


B_io=[[{ }{ }{ }{ }{ }][{ }{ }{ }{ }{ }][{ }{ }{ }{ }{ }]]; 
B_iob=[[[ 0 0 0 0 0 0 0 0 0 ][ 0 0 0 0 0 0 0 0 0 ][ 0 0 0 0 0 0 0 0 0 ][ 0 0 0 0 0 0 0 0 0 ][ 0 0 0 0 0 0 0 0 0 ]][[ 0 0 0 0 0 0 0 0 0 ][ 0 0 0 0 0 0 0 0 0 ][ 0 0 0 0 0 0 0 0 0 ][ 0 0 0 0 0 0 0 0 0 ][ 0 0 0 0 0 0 0 0 0 ]][[ 0 0 0 0 0 0 0 0 0 ][ 0 0 0 0 0 0 0 0 0 ][ 0 0 0 0 0 0 0 0 0 ][ 0 0 0 0 0 0 0 0 0 ][ 0 0 0 0 0 0 0 0 0 ]]]; 
S_iob=[[[ 0 0 0 0 0 0 0 0 0 ][ 0 0 0 0 0 0 0 0 0 ][ 0 0 0 0 0 0 0 0 0 ][ 0 0 0 0 0 0 0 0 0 ][ 0 0 0 0 0 0 0 0 0 ]][[ 0 0 0 0 0 0 0 0 0 ][ 0 0 0 0 0 0 0 0 0 ][ 0 0 0 0 0 0 0 0 0 ][ 0 0 0 0 0 0 0 0 0 ][ 0 0 0 0 0 0 0 0 0 ]][[ 0 0 0 0 0 0 0 0 0 ][ 0 0 0 0 0 0 0 0 0 ][ 0 0 0 0 0 0 0 0 0 ][ 0 0 0 0 0 0 0 0 0 ][ 0 0 0 0 0 0 0 0 0 ]]]; 
B=[ 3 ];


d=[ 95.4638 100.578 95.4175 89.7558 101.775 102.498 83.4438 81.4894 122.904 ];
r=[ 8.42388 6.36816 8.02998 3.27821 14.3496 2.11474 3.59257 2.17496 15.6545 ];
w=[ 2.25242 2.84029 1.86837 1.44783 2.97804 2.35235 2.96028 2.47259 2.2001 ];
f=[ 1 2 3 1 2 3 1 2 3 ];
s=[ 1 1 1 1 1 1 1 1 1 ];

rts=[{ 1 2 3 4 5 }{ 1 2 3 4 5 }{ 1 2 3 4 5 }];
p=[[ 12.82 14.0614 13.7487 14.391 23.3557 ][ 24.8831 10.0265 12.5935 11.1822 13.811 ][ 19.5213 19.4558 22.1861 12.7233 11.6297 ]];


tc=[[[ 999999 19.23 40.3221 60.9451 82.5316 ][ 999999 999999 21.092 999999 999999 ][ 999999 999999 999999 999999 999999 ][ 999999 999999 999999 999999 21.5866 ][ 999999 999999 999999 999999 999999 ]][[ 999999 37.3246 999999 71.2548 88.028 ][ 999999 999999 15.0398 33.9301 50.7034 ][ 999999 999999 999999 18.8903 35.6636 ][ 999999 999999 999999 999999 16.7733 ][ 999999 999999 999999 999999 999999 ]][[ 999999 29.282 58.4656 91.7447 110.83 ][ 999999 999999 29.1836 999999 81.5478 ][ 999999 999999 999999 33.2791 52.3641 ][ 999999 999999 999999 999999 19.085 ][ 999999 999999 999999 999999 999999 ]]];
