//seed= 3435973836
n= 10 ;
m= 4 ;
F= 2 ;

omega= 9 ;

Stages_1={ 2 3 4 };
Stages_b={ 1 };

m_o=[ 1 1 2 1 ];
rm=#[ <1,1>: 0, <2,1>: 0, <3,1>: 0, <3,2>: 0, <4,1>: 0 ]#;


B_io=[[{ }{ }{ }{ }][{ }{ }{ }{ }]]; 
B_iob=[[[ 0 0 0 0 0 0 0 0 0 0 ][ 0 0 0 0 0 0 0 0 0 0 ][ 0 0 0 0 0 0 0 0 0 0 ][ 0 0 0 0 0 0 0 0 0 0 ]][[ 0 0 0 0 0 0 0 0 0 0 ][ 0 0 0 0 0 0 0 0 0 0 ][ 0 0 0 0 0 0 0 0 0 0 ][ 0 0 0 0 0 0 0 0 0 0 ]]]; 
S_iob=[[[ 0 0 0 0 0 0 0 0 0 0 ][ 0 0 0 0 0 0 0 0 0 0 ][ 0 0 0 0 0 0 0 0 0 0 ][ 0 0 0 0 0 0 0 0 0 0 ]][[ 0 0 0 0 0 0 0 0 0 0 ][ 0 0 0 0 0 0 0 0 0 0 ][ 0 0 0 0 0 0 0 0 0 0 ][ 0 0 0 0 0 0 0 0 0 0 ]]]; 
B=[ 3 ];


d=[ 76.029 105.919 71.5471 96.0042 71.438 82.2083 91.8009 58.1146 88.4006 99.4015 ];
r=[ 0 44.5607 0 33.8532 4.35186 16.5717 18.0666 0 14.2958 31.6223 ];
w=[ 2.68151 2.76302 2.70607 1.76266 2.8322 1.3719 2.91781 2.21276 1.00197 1.72012 ];
f=[ 1 2 1 2 1 2 1 2 1 2 ];
s=[ 1 1 1 1 1 1 1 1 1 1 ];

rts=[{ 1 2 3 4 }{ 1 2 3 4 }];
p=[[ 15.5722 10.3252 14.5432 24.1272 ][ 13.2053 10.542 17.4835 13.2565 ]];


tc=[[[ 999999 23.3583 38.8462 60.661 ][ 999999 999999 999999 999999 ][ 999999 999999 999999 999999 ][ 999999 999999 999999 999999 ]][[ 999999 999999 35.6211 61.8462 ][ 999999 999999 15.8131 999999 ][ 999999 999999 999999 999999 ][ 999999 999999 999999 999999 ]]];
