//seed= 3435973836
n= 10 ;
m= 4 ;
F= 2 ;

omega= 9 ;

Stages_1={ 1 2 4 };
Stages_b={ 3 };

m_o=[ 1 2 1 1 ];
rm=#[ <1,1>: 0, <2,1>: 0, <2,2>: 0, <3,1>: 0, <4,1>: 0 ]#;


B_io=[[{ }{ }{ }{ }][{ }{ }{ }{ }]]; 
B_iob=[[[ 0 0 0 0 0 0 0 0 0 0 ][ 0 0 0 0 0 0 0 0 0 0 ][ 0 0 0 0 0 0 0 0 0 0 ][ 0 0 0 0 0 0 0 0 0 0 ]][[ 0 0 0 0 0 0 0 0 0 0 ][ 0 0 0 0 0 0 0 0 0 0 ][ 0 0 0 0 0 0 0 0 0 0 ][ 0 0 0 0 0 0 0 0 0 0 ]]]; 
S_iob=[[[ 0 0 0 0 0 0 0 0 0 0 ][ 0 0 0 0 0 0 0 0 0 0 ][ 0 0 0 0 0 0 0 0 0 0 ][ 0 0 0 0 0 0 0 0 0 0 ]][[ 0 0 0 0 0 0 0 0 0 0 ][ 0 0 0 0 0 0 0 0 0 0 ][ 0 0 0 0 0 0 0 0 0 0 ][ 0 0 0 0 0 0 0 0 0 0 ]]]; 
B=[ 3 ];


d=[ 87.0283 124.891 120.281 156.459 84.9752 160 124.605 82.655 126.046 143.735 ];
r=[ 0 44.365 20.8417 67.901 0 72.8464 27.0689 0 38.5946 46.3999 ];
w=[ 1.41165 2.74493 1.91848 2.82753 1.78989 1.9419 2.38524 1.82511 1.71097 1.89566 ];
f=[ 1 2 1 2 1 2 1 2 1 2 ];
s=[ 1 1 1 1 1 1 1 1 1 1 ];

rts=[{ 1 2 3 4 }{ 1 2 3 4 }];
p=[[ 19.7781 16.0302 20.7349 21.9224 ][ 15.9843 19.3353 19.1376 21.4997 ]];


tc=[[[ 999999 29.6672 999999 84.8148 ][ 999999 999999 999999 55.1477 ][ 999999 999999 999999 999999 ][ 999999 999999 999999 999999 ]][[ 999999 23.9764 999999 81.6857 ][ 999999 999999 29.0029 57.7093 ][ 999999 999999 999999 28.7064 ][ 999999 999999 999999 999999 ]]];
