//seed= 3435973836
n= 10 ;
m= 4 ;
F= 2 ;

omega= 9 ;

Stages_1={ 1 3 4 };
Stages_b={ 2 };

m_o=[ 1 2 1 2 ];
rm=#[ <1,1>: 0, <2,1>: 0, <2,2>: 0, <3,1>: 0, <4,1>: 0, <4,2>: 0 ]#;


B_io=[[{ }{ }{ }{ }][{ }{ }{ }{ }]]; 
B_iob=[[[ 0 0 0 0 0 0 0 0 0 0 ][ 0 0 0 0 0 0 0 0 0 0 ][ 0 0 0 0 0 0 0 0 0 0 ][ 0 0 0 0 0 0 0 0 0 0 ]][[ 0 0 0 0 0 0 0 0 0 0 ][ 0 0 0 0 0 0 0 0 0 0 ][ 0 0 0 0 0 0 0 0 0 0 ][ 0 0 0 0 0 0 0 0 0 0 ]]]; 
S_iob=[[[ 0 0 0 0 0 0 0 0 0 0 ][ 0 0 0 0 0 0 0 0 0 0 ][ 0 0 0 0 0 0 0 0 0 0 ][ 0 0 0 0 0 0 0 0 0 0 ]][[ 0 0 0 0 0 0 0 0 0 0 ][ 0 0 0 0 0 0 0 0 0 0 ][ 0 0 0 0 0 0 0 0 0 0 ][ 0 0 0 0 0 0 0 0 0 0 ]]]; 
B=[ 3 ];


d=[ 123.084 69.4612 127.57 120.742 75.0189 122.392 97.3938 66.7932 88.1802 111.395 ];
r=[ 35.8495 0 53.667 55.1742 0 52.8953 12.8807 0 0 46.9003 ];
w=[ 1.03976 2.8628 2.20784 2.78041 2.02827 1.69829 2.77096 1.20821 1.94531 2.91848 ];
f=[ 1 2 1 2 1 2 1 2 1 2 ];
s=[ 1 1 1 1 1 1 1 1 1 1 ];

rts=[{ 1 2 3 4 }{ 1 2 3 4 }];
p=[[ 16.134 14.5312 19.7737 22.7221 ][ 14.5043 10.9581 11.5849 23.3785 ]];


tc=[[[ 999999 24.201 45.9978 75.6583 ][ 999999 999999 21.7968 51.4573 ][ 999999 999999 999999 29.6605 ][ 999999 999999 999999 999999 ]][[ 999999 999999 999999 55.5709 ][ 999999 999999 16.4372 33.8145 ][ 999999 999999 999999 17.3773 ][ 999999 999999 999999 999999 ]]];
