//seed= 3435973836
n= 10 ;
m= 4 ;
F= 2 ;

omega= 9 ;

Stages_1={ 2 3 4 };
Stages_b={ 1 };

m_o=[ 1 1 2 1 ];
rm=#[ <1,1>: 0, <2,1>: 0, <3,1>: 0, <3,2>: 0, <4,1>: 0 ]#;


B_io=[[{ }{ }{ }{ }][{ }{ }{ }{ }]]; 
B_iob=[[[ 0 0 0 0 0 0 0 0 0 0 ][ 0 0 0 0 0 0 0 0 0 0 ][ 0 0 0 0 0 0 0 0 0 0 ][ 0 0 0 0 0 0 0 0 0 0 ]][[ 0 0 0 0 0 0 0 0 0 0 ][ 0 0 0 0 0 0 0 0 0 0 ][ 0 0 0 0 0 0 0 0 0 0 ][ 0 0 0 0 0 0 0 0 0 0 ]]]; 
S_iob=[[[ 0 0 0 0 0 0 0 0 0 0 ][ 0 0 0 0 0 0 0 0 0 0 ][ 0 0 0 0 0 0 0 0 0 0 ][ 0 0 0 0 0 0 0 0 0 0 ]][[ 0 0 0 0 0 0 0 0 0 0 ][ 0 0 0 0 0 0 0 0 0 0 ][ 0 0 0 0 0 0 0 0 0 0 ][ 0 0 0 0 0 0 0 0 0 0 ]]]; 
B=[ 3 ];


d=[ 70.187 88.1583 147.398 83.7768 87.6346 126.946 118.643 99.0684 134.616 154.439 ];
r=[ 0 0 64.8361 0 0 48.5392 44.7325 0 48.0038 65.7136 ];
w=[ 2.73447 1.2144 2.14618 2.83992 1.11607 1.79077 1.01521 2.00421 2.32503 1.21975 ];
f=[ 1 2 1 2 1 2 1 2 1 2 ];
s=[ 1 1 1 1 1 1 1 1 1 1 ];

rts=[{ 1 2 3 4 }{ 1 2 3 4 }];
p=[[ 20.858 20.7035 12.0267 13.855 ][ 22.0878 21.2904 10.944 23.2582 ]];


tc=[[[ 999999 31.287 62.3422 999999 ][ 999999 999999 999999 49.0952 ][ 999999 999999 999999 999999 ][ 999999 999999 999999 999999 ]][[ 999999 33.1318 65.0674 81.4834 ][ 999999 999999 31.9356 48.3517 ][ 999999 999999 999999 16.416 ][ 999999 999999 999999 999999 ]]];
