//seed= 3435973836
n= 10 ;
m= 4 ;
F= 2 ;

omega= 9 ;

Stages_1={ 2 3 4 };
Stages_b={ 1 };

m_o=[ 2 1 1 1 ];
rm=#[ <1,1>: 0, <1,2>: 0, <2,1>: 0, <3,1>: 0, <4,1>: 0 ]#;


B_io=[[{ }{ }{ }{ }][{ }{ }{ }{ }]]; 
B_iob=[[[ 0 0 0 0 0 0 0 0 0 0 ][ 0 0 0 0 0 0 0 0 0 0 ][ 0 0 0 0 0 0 0 0 0 0 ][ 0 0 0 0 0 0 0 0 0 0 ]][[ 0 0 0 0 0 0 0 0 0 0 ][ 0 0 0 0 0 0 0 0 0 0 ][ 0 0 0 0 0 0 0 0 0 0 ][ 0 0 0 0 0 0 0 0 0 0 ]]]; 
S_iob=[[[ 0 0 0 0 0 0 0 0 0 0 ][ 0 0 0 0 0 0 0 0 0 0 ][ 0 0 0 0 0 0 0 0 0 0 ][ 0 0 0 0 0 0 0 0 0 0 ]][[ 0 0 0 0 0 0 0 0 0 0 ][ 0 0 0 0 0 0 0 0 0 0 ][ 0 0 0 0 0 0 0 0 0 0 ][ 0 0 0 0 0 0 0 0 0 0 ]]]; 
B=[ 3 ];


d=[ 137.762 76.5123 110.014 147.116 113.201 151.929 84.4744 149.208 160.122 80.2238 ];
r=[ 53.0743 0 28.2664 73.3009 35.0823 74.5798 0 78.6832 83.2205 0 ];
w=[ 2.71666 1.8748 1.46808 1.92608 2.00824 2.19745 1.22489 2.9712 2.34274 2.2254 ];
f=[ 1 2 1 2 1 2 1 2 1 2 ];
s=[ 1 1 1 1 1 1 1 1 1 1 ];

rts=[{ 1 2 3 4 }{ 1 2 3 4 }];
p=[[ 13.5412 22.9062 23.4402 10.7361 ][ 10.2607 17.9886 22.6888 12.7255 ]];


tc=[[[ 999999 20.3118 999999 89.8314 ][ 999999 999999 34.3592 999999 ][ 999999 999999 999999 35.1604 ][ 999999 999999 999999 999999 ]][[ 999999 15.391 42.3738 76.407 ][ 999999 999999 26.9828 61.016 ][ 999999 999999 999999 34.0331 ][ 999999 999999 999999 999999 ]]];
