//seed= 3435973836
n= 10 ;
m= 4 ;
F= 2 ;

omega= 9 ;

Stages_1={ 2 3 4 };
Stages_b={ 1 };

m_o=[ 2 1 1 1 ];
rm=#[ <1,1>: 0, <1,2>: 0, <2,1>: 0, <3,1>: 0, <4,1>: 0 ]#;


B_io=[[{ }{ }{ }{ }][{ }{ }{ }{ }]]; 
B_iob=[[[ 0 0 0 0 0 0 0 0 0 0 ][ 0 0 0 0 0 0 0 0 0 0 ][ 0 0 0 0 0 0 0 0 0 0 ][ 0 0 0 0 0 0 0 0 0 0 ]][[ 0 0 0 0 0 0 0 0 0 0 ][ 0 0 0 0 0 0 0 0 0 0 ][ 0 0 0 0 0 0 0 0 0 0 ][ 0 0 0 0 0 0 0 0 0 0 ]]]; 
S_iob=[[[ 0 0 0 0 0 0 0 0 0 0 ][ 0 0 0 0 0 0 0 0 0 0 ][ 0 0 0 0 0 0 0 0 0 0 ][ 0 0 0 0 0 0 0 0 0 0 ]][[ 0 0 0 0 0 0 0 0 0 0 ][ 0 0 0 0 0 0 0 0 0 0 ][ 0 0 0 0 0 0 0 0 0 0 ][ 0 0 0 0 0 0 0 0 0 0 ]]]; 
B=[ 3 ];


d=[ 74.7319 55.7747 134.682 67.1037 113.634 69.8 122.136 57.26 88.6033 60.1722 ];
r=[ 0 0 56.7298 2.41666 37.1088 13.565 55.024 0 25.6259 0 ];
w=[ 2.00847 2.31194 1.22846 1.63923 2.43879 2.82405 1.37072 2.31252 1.73515 1.31476 ];
f=[ 1 2 1 2 1 2 1 2 1 2 ];
s=[ 1 1 1 1 1 1 1 1 1 1 ];

rts=[{ 1 2 3 4 }{ 1 2 3 4 }];
p=[[ 12.6567 13.8144 16.4817 18.3302 ][ 12.6293 10.474 13.4099 18.7821 ]];


tc=[[[ 999999 18.985 39.7066 999999 ][ 999999 999999 999999 999999 ][ 999999 999999 999999 24.7226 ][ 999999 999999 999999 999999 ]][[ 999999 18.944 34.6549 54.7698 ][ 999999 999999 15.711 35.8258 ][ 999999 999999 999999 20.1149 ][ 999999 999999 999999 999999 ]]];
