//seed= 3435973836
n= 10 ;
m= 4 ;
F= 2 ;

omega= 9 ;

Stages_1={ 1 2 3 };
Stages_b={ 4 };

m_o=[ 1 1 1 1 ];
rm=#[ <1,1>: 0, <2,1>: 0, <3,1>: 0, <4,1>: 0 ]#;


B_io=[[{ }{ }{ }{ }][{ }{ }{ }{ }]]; 
B_iob=[[[ 0 0 0 0 0 0 0 0 0 0 ][ 0 0 0 0 0 0 0 0 0 0 ][ 0 0 0 0 0 0 0 0 0 0 ][ 0 0 0 0 0 0 0 0 0 0 ]][[ 0 0 0 0 0 0 0 0 0 0 ][ 0 0 0 0 0 0 0 0 0 0 ][ 0 0 0 0 0 0 0 0 0 0 ][ 0 0 0 0 0 0 0 0 0 0 ]]]; 
S_iob=[[[ 0 0 0 0 0 0 0 0 0 0 ][ 0 0 0 0 0 0 0 0 0 0 ][ 0 0 0 0 0 0 0 0 0 0 ][ 0 0 0 0 0 0 0 0 0 0 ]][[ 0 0 0 0 0 0 0 0 0 0 ][ 0 0 0 0 0 0 0 0 0 0 ][ 0 0 0 0 0 0 0 0 0 0 ][ 0 0 0 0 0 0 0 0 0 0 ]]]; 
B=[ 3 ];


d=[ 128.662 73.096 99.4526 75.6765 127.484 116.724 75.2151 94.474 146.628 92.9635 ];
r=[ 48.3993 0 21.4407 0 36.0076 54.2523 0 32.5871 52.6224 31.0246 ];
w=[ 2.42951 1.24878 1.39192 1.41613 2.81206 2.5191 2.77362 2.13407 2.60753 2.08331 ];
f=[ 1 2 1 2 1 2 1 2 1 2 ];
s=[ 1 1 1 1 1 1 1 1 1 1 ];

rts=[{ 1 2 3 4 }{ 1 2 3 4 }];
p=[[ 12.6918 20.0075 23.4018 17.5459 ][ 12.724 18.0759 15.0173 15.0199 ]];


tc=[[[ 999999 19.0378 49.0491 84.1518 ][ 999999 999999 30.0113 65.1141 ][ 999999 999999 999999 999999 ][ 999999 999999 999999 999999 ]][[ 999999 19.086 46.1998 68.7257 ][ 999999 999999 27.1138 49.6398 ][ 999999 999999 999999 22.5259 ][ 999999 999999 999999 999999 ]]];
