//seed= 3435973836
n= 10 ;
m= 4 ;
F= 2 ;

omega= 9 ;

Stages_1={ 1 3 4 };
Stages_b={ 2 };

m_o=[ 2 2 1 2 ];
rm=#[ <1,1>: 0, <1,2>: 0, <2,1>: 0, <2,2>: 0, <3,1>: 0, <4,1>: 0, <4,2>: 0 ]#;


B_io=[[{ }{ }{ }{ }][{ }{ }{ }{ }]]; 
B_iob=[[[ 0 0 0 0 0 0 0 0 0 0 ][ 0 0 0 0 0 0 0 0 0 0 ][ 0 0 0 0 0 0 0 0 0 0 ][ 0 0 0 0 0 0 0 0 0 0 ]][[ 0 0 0 0 0 0 0 0 0 0 ][ 0 0 0 0 0 0 0 0 0 0 ][ 0 0 0 0 0 0 0 0 0 0 ][ 0 0 0 0 0 0 0 0 0 0 ]]]; 
S_iob=[[[ 0 0 0 0 0 0 0 0 0 0 ][ 0 0 0 0 0 0 0 0 0 0 ][ 0 0 0 0 0 0 0 0 0 0 ][ 0 0 0 0 0 0 0 0 0 0 ]][[ 0 0 0 0 0 0 0 0 0 0 ][ 0 0 0 0 0 0 0 0 0 0 ][ 0 0 0 0 0 0 0 0 0 0 ][ 0 0 0 0 0 0 0 0 0 0 ]]]; 
B=[ 3 ];


d=[ 158.897 80.7427 87.0424 124.922 99.0081 70.5733 95.026 74.9927 81.2165 94.6856 ];
r=[ 79.1929 7.91858 0 49.515 5.38627 0 0 1.92288 4.079 29.338 ];
w=[ 1.33557 2.64006 1.0383 1.07084 2.40753 1.64222 1.17832 1.14349 1.41132 2.16169 ];
f=[ 1 2 1 2 1 2 1 2 1 2 ];
s=[ 1 1 1 1 1 1 1 1 1 1 ];

rts=[{ 1 2 3 4 }{ 1 2 3 4 }];
p=[[ 15.9122 11.4869 24.37 24.6212 ][ 17.886 15.594 17.9578 13.7787 ]];


tc=[[[ 999999 999999 41.0986 77.6537 ][ 999999 999999 999999 53.7854 ][ 999999 999999 999999 999999 ][ 999999 999999 999999 999999 ]][[ 999999 26.829 50.22 77.1567 ][ 999999 999999 23.391 50.3277 ][ 999999 999999 999999 26.9367 ][ 999999 999999 999999 999999 ]]];
