//seed= 3435973836
n= 10 ;
m= 5 ;
F= 2 ;

omega= 9 ;

Stages_1={ 4 };
Stages_b={ 1 2 3 5 };

m_o=[ 2 3 3 3 2 ];
rm=#[ <1,1>: 0, <1,2>: 0, <2,1>: 0, <2,2>: 0, <2,3>: 0, <3,1>: 0, <3,2>: 0, <3,3>: 0, <4,1>: 0, <4,2>: 0, <4,3>: 0, <5,1>: 0, <5,2>: 0 ]#;


B_io=[[{ }{ }{ }{ }{ }][{ }{ }{ }{ }{ }]]; 
B_iob=[[[ 0 0 0 0 0 0 0 0 0 0 ][ 0 0 0 0 0 0 0 0 0 0 ][ 0 0 0 0 0 0 0 0 0 0 ][ 0 0 0 0 0 0 0 0 0 0 ][ 0 0 0 0 0 0 0 0 0 0 ]][[ 0 0 0 0 0 0 0 0 0 0 ][ 0 0 0 0 0 0 0 0 0 0 ][ 0 0 0 0 0 0 0 0 0 0 ][ 0 0 0 0 0 0 0 0 0 0 ][ 0 0 0 0 0 0 0 0 0 0 ]]]; 
S_iob=[[[ 0 0 0 0 0 0 0 0 0 0 ][ 0 0 0 0 0 0 0 0 0 0 ][ 0 0 0 0 0 0 0 0 0 0 ][ 0 0 0 0 0 0 0 0 0 0 ][ 0 0 0 0 0 0 0 0 0 0 ]][[ 0 0 0 0 0 0 0 0 0 0 ][ 0 0 0 0 0 0 0 0 0 0 ][ 0 0 0 0 0 0 0 0 0 0 ][ 0 0 0 0 0 0 0 0 0 0 ][ 0 0 0 0 0 0 0 0 0 0 ]]]; 
B=[ 3 2 2 2 ];


d=[ 95.3097 126.905 102.278 131.024 126.174 139.765 87.518 140.627 97.1272 151.342 ];
r=[ 13.1456 11.7192 25.8316 24.79 37.4609 16.0125 11.7582 20.6954 23.5728 32.8462 ];
w=[ 2.0744 1.4877 2.67323 2.71685 2.23172 1.60416 1.12775 2.31782 2.33158 1.27541 ];
f=[ 1 2 1 2 1 2 1 2 1 2 ];
s=[ 1 1 1 1 1 1 1 1 1 1 ];

rts=[{ 1 2 3 4 5 }{ 1 2 3 4 5 }];
p=[[ 17.8539 12.8279 19.1706 10.9419 12.6378 ][ 23.9134 22.1087 22.2203 22.0144 13.2608 ]];


tc=[[[ 999999 26.7808 46.0227 999999 91.1915 ][ 999999 999999 19.2419 47.9978 64.4106 ][ 999999 999999 999999 28.7559 45.1687 ][ 999999 999999 999999 999999 999999 ][ 999999 999999 999999 999999 999999 ]][[ 999999 999999 69.0333 999999 135.385 ][ 999999 999999 999999 66.4935 999999 ][ 999999 999999 999999 999999 999999 ][ 999999 999999 999999 999999 33.0216 ][ 999999 999999 999999 999999 999999 ]]];
