//seed= 3435973836
n= 10 ;
m= 4 ;
F= 2 ;

omega= 9 ;

Stages_1={ 1 2 3 };
Stages_b={ 4 };

m_o=[ 1 2 2 1 ];
rm=#[ <1,1>: 0, <2,1>: 0, <2,2>: 0, <3,1>: 0, <3,2>: 0, <4,1>: 0 ]#;


B_io=[[{ }{ }{ }{ }][{ }{ }{ }{ }]]; 
B_iob=[[[ 0 0 0 0 0 0 0 0 0 0 ][ 0 0 0 0 0 0 0 0 0 0 ][ 0 0 0 0 0 0 0 0 0 0 ][ 0 0 0 0 0 0 0 0 0 0 ]][[ 0 0 0 0 0 0 0 0 0 0 ][ 0 0 0 0 0 0 0 0 0 0 ][ 0 0 0 0 0 0 0 0 0 0 ][ 0 0 0 0 0 0 0 0 0 0 ]]]; 
S_iob=[[[ 0 0 0 0 0 0 0 0 0 0 ][ 0 0 0 0 0 0 0 0 0 0 ][ 0 0 0 0 0 0 0 0 0 0 ][ 0 0 0 0 0 0 0 0 0 0 ]][[ 0 0 0 0 0 0 0 0 0 0 ][ 0 0 0 0 0 0 0 0 0 0 ][ 0 0 0 0 0 0 0 0 0 0 ][ 0 0 0 0 0 0 0 0 0 0 ]]]; 
B=[ 3 ];


d=[ 69.4603 78.6366 73.2046 121.757 83.8287 78.3068 100.911 89.1065 95.1659 76.2734 ];
r=[ 1.67792 17.679 0.444501 56.9068 1.40272 5.96189 22.4916 24.2383 11.1061 0 ];
w=[ 2.94946 1.37425 2.29943 2.64844 1.46046 1.00019 2.57903 1.41613 1.93396 2.43793 ];
f=[ 1 2 1 2 1 2 1 2 1 2 ];
s=[ 1 1 1 1 1 1 1 1 1 1 ];

rts=[{ 1 2 3 4 }{ 1 2 3 4 }];
p=[[ 11.2809 12.0161 23.8196 17.7773 ][ 19.6172 15.109 10.3989 13.5961 ]];


tc=[[[ 999999 16.9214 34.9456 70.6751 ][ 999999 999999 18.0242 53.7536 ][ 999999 999999 999999 35.7294 ][ 999999 999999 999999 999999 ]][[ 999999 29.4259 52.0894 67.6876 ][ 999999 999999 22.6635 38.2618 ][ 999999 999999 999999 999999 ][ 999999 999999 999999 999999 ]]];
