//seed= 3435973836
n= 10 ;
m= 4 ;
F= 2 ;

omega= 9 ;

Stages_1={ 1 3 4 };
Stages_b={ 2 };

m_o=[ 1 2 2 1 ];
rm=#[ <1,1>: 0, <2,1>: 0, <2,2>: 0, <3,1>: 0, <3,2>: 0, <4,1>: 0 ]#;


B_io=[[{ }{ }{ }{ }][{ }{ }{ }{ }]]; 
B_iob=[[[ 0 0 0 0 0 0 0 0 0 0 ][ 0 0 0 0 0 0 0 0 0 0 ][ 0 0 0 0 0 0 0 0 0 0 ][ 0 0 0 0 0 0 0 0 0 0 ]][[ 0 0 0 0 0 0 0 0 0 0 ][ 0 0 0 0 0 0 0 0 0 0 ][ 0 0 0 0 0 0 0 0 0 0 ][ 0 0 0 0 0 0 0 0 0 0 ]]]; 
S_iob=[[[ 0 0 0 0 0 0 0 0 0 0 ][ 0 0 0 0 0 0 0 0 0 0 ][ 0 0 0 0 0 0 0 0 0 0 ][ 0 0 0 0 0 0 0 0 0 0 ]][[ 0 0 0 0 0 0 0 0 0 0 ][ 0 0 0 0 0 0 0 0 0 0 ][ 0 0 0 0 0 0 0 0 0 0 ][ 0 0 0 0 0 0 0 0 0 0 ]]]; 
B=[ 3 ];


d=[ 143.927 87.3601 78.1172 131.489 118.213 98.4043 128.249 79.5597 108.705 116.653 ];
r=[ 54.4401 0 0 58.0642 38.0268 13.2231 49.0767 6.14843 27.7841 34.2298 ];
w=[ 1.50851 1.2048 1.69153 2.97536 2.86541 1.37276 2.20481 2.76632 1.22143 2.47579 ];
f=[ 1 2 1 2 1 2 1 2 1 2 ];
s=[ 1 1 1 1 1 1 1 1 1 1 ];

rts=[{ 1 2 3 4 }{ 1 2 3 4 }];
p=[[ 14.7003 17.7507 18.8588 19.6546 ][ 19.306 24.7287 14.7519 11.0417 ]];


tc=[[[ 999999 22.0504 48.6765 76.9647 ][ 999999 999999 999999 54.9143 ][ 999999 999999 999999 28.2882 ][ 999999 999999 999999 999999 ]][[ 999999 28.959 66.0521 88.18 ][ 999999 999999 37.0931 59.221 ][ 999999 999999 999999 22.1279 ][ 999999 999999 999999 999999 ]]];
