//seed= 3435973836
n= 8 ;
m= 3 ;
F= 2 ;

omega= 9 ;

Stages_1={ 3 };
Stages_b={ 1 2 };

m_o=[ 3 3 2 ];
rm=#[ <1,1>: 0, <1,2>: 0, <1,3>: 0, <2,1>: 0, <2,2>: 0, <2,3>: 0, <3,1>: 0, <3,2>: 0 ]#;


B_io=[[{ }{ }{ }][{ }{ }{ }]]; 
B_iob=[[[ 0 0 0 0 0 0 0 0 ][ 0 0 0 0 0 0 0 0 ][ 0 0 0 0 0 0 0 0 ]][[ 0 0 0 0 0 0 0 0 ][ 0 0 0 0 0 0 0 0 ][ 0 0 0 0 0 0 0 0 ]]]; 
S_iob=[[[ 0 0 0 0 0 0 0 0 ][ 0 0 0 0 0 0 0 0 ][ 0 0 0 0 0 0 0 0 ]][[ 0 0 0 0 0 0 0 0 ][ 0 0 0 0 0 0 0 0 ][ 0 0 0 0 0 0 0 0 ]]]; 
B=[ 3 2 ];


d=[ 79 59 84 54 97 56 87 71 ];
r=[ 16 9 12 0 25 4 16 21 ];
w=[ 2.18167 2.62283 1.34825 1.37124 2.08306 2.15077 2.62999 1.5565 ];
f=[ 1 2 1 2 1 2 1 2 ];
s=[ 1 1 1 1 1 1 1 1 ];

rts=[{ 1 2 3 }{ 1 2 3 }];
p=[[ 23 11 24 ][ 12 24 13 ]];


tc=[[[ 999999 35 51 ][ 999999 999999 17 ][ 999999 999999 999999 ]][[ 999999 18 54 ][ 999999 999999 999999 ][ 999999 999999 999999 ]]];
