//seed= 3435973836
n= 10 ;
m= 5 ;
F= 2 ;

omega= 9 ;

Stages_1={ 1 };
Stages_b={ 2 3 4 5 };

m_o=[ 3 2 2 3 2 ];
rm=#[ <1,1>: 0, <1,2>: 0, <1,3>: 0, <2,1>: 0, <2,2>: 0, <3,1>: 0, <3,2>: 0, <4,1>: 0, <4,2>: 0, <4,3>: 0, <5,1>: 0, <5,2>: 0 ]#;


B_io=[[{ }{ }{ }{ }{ }][{ }{ }{ }{ }{ }]]; 
B_iob=[[[ 0 0 0 0 0 0 0 0 0 0 ][ 0 0 0 0 0 0 0 0 0 0 ][ 0 0 0 0 0 0 0 0 0 0 ][ 0 0 0 0 0 0 0 0 0 0 ][ 0 0 0 0 0 0 0 0 0 0 ]][[ 0 0 0 0 0 0 0 0 0 0 ][ 0 0 0 0 0 0 0 0 0 0 ][ 0 0 0 0 0 0 0 0 0 0 ][ 0 0 0 0 0 0 0 0 0 0 ][ 0 0 0 0 0 0 0 0 0 0 ]]]; 
S_iob=[[[ 0 0 0 0 0 0 0 0 0 0 ][ 0 0 0 0 0 0 0 0 0 0 ][ 0 0 0 0 0 0 0 0 0 0 ][ 0 0 0 0 0 0 0 0 0 0 ][ 0 0 0 0 0 0 0 0 0 0 ]][[ 0 0 0 0 0 0 0 0 0 0 ][ 0 0 0 0 0 0 0 0 0 0 ][ 0 0 0 0 0 0 0 0 0 0 ][ 0 0 0 0 0 0 0 0 0 0 ][ 0 0 0 0 0 0 0 0 0 0 ]]]; 
B=[ 3 3 2 2 ];


d=[ 122.078 95.0304 122.505 103.756 121.573 121.911 115.349 117.852 117.293 122.214 ];
r=[ 10.132 15.2901 11.0269 9.99463 8.98987 32.8456 5.97846 20.9034 5.72004 25.0118 ];
w=[ 1.69598 1.36572 1.94812 2.93933 2.54615 1.66375 2.17695 1.40115 1.49162 1.44791 ];
f=[ 1 2 1 2 1 2 1 2 1 2 ];
s=[ 1 1 1 1 1 1 1 1 1 1 ];

rts=[{ 1 2 3 4 5 }{ 1 2 3 4 5 }];
p=[[ 12.7957 20.9933 22.3289 21.5453 19.0361 ][ 15.7832 14.1371 11.4464 23.2474 12.5656 ]];


tc=[[[ 999999 999999 50.6834 84.1767 116.495 ][ 999999 999999 31.4899 64.9832 97.3012 ][ 999999 999999 999999 33.4933 65.8113 ][ 999999 999999 999999 999999 32.318 ][ 999999 999999 999999 999999 999999 ]][[ 999999 23.6748 44.8804 62.0501 96.9211 ][ 999999 999999 999999 999999 73.2463 ][ 999999 999999 999999 17.1696 52.0407 ][ 999999 999999 999999 999999 34.8711 ][ 999999 999999 999999 999999 999999 ]]];
