//seed= 3435973836
n= 10 ;
m= 4 ;
F= 2 ;

omega= 9 ;

Stages_1={ 1 3 4 };
Stages_b={ 2 };

m_o=[ 1 1 2 2 ];
rm=#[ <1,1>: 0, <2,1>: 0, <3,1>: 0, <3,2>: 0, <4,1>: 0, <4,2>: 0 ]#;


B_io=[[{ }{ }{ }{ }][{ }{ }{ }{ }]]; 
B_iob=[[[ 0 0 0 0 0 0 0 0 0 0 ][ 0 0 0 0 0 0 0 0 0 0 ][ 0 0 0 0 0 0 0 0 0 0 ][ 0 0 0 0 0 0 0 0 0 0 ]][[ 0 0 0 0 0 0 0 0 0 0 ][ 0 0 0 0 0 0 0 0 0 0 ][ 0 0 0 0 0 0 0 0 0 0 ][ 0 0 0 0 0 0 0 0 0 0 ]]]; 
S_iob=[[[ 0 0 0 0 0 0 0 0 0 0 ][ 0 0 0 0 0 0 0 0 0 0 ][ 0 0 0 0 0 0 0 0 0 0 ][ 0 0 0 0 0 0 0 0 0 0 ]][[ 0 0 0 0 0 0 0 0 0 0 ][ 0 0 0 0 0 0 0 0 0 0 ][ 0 0 0 0 0 0 0 0 0 0 ][ 0 0 0 0 0 0 0 0 0 0 ]]]; 
B=[ 3 ];


d=[ 132.909 117.793 65.7937 71.9476 109.353 98.5117 87.5941 70.8729 79.673 69.6999 ];
r=[ 52.2485 40.8424 0 3.79997 36.3947 29.6206 10.6431 3.53208 0 0 ];
w=[ 1.26818 1.1039 2.00433 2.74357 1.17717 1.77256 1.78369 1.46494 2.61613 1.98406 ];
f=[ 1 2 1 2 1 2 1 2 1 2 ];
s=[ 1 1 1 1 1 1 1 1 1 1 ];

rts=[{ 1 2 3 4 }{ 1 2 3 4 }];
p=[[ 14.4345 16.7729 14.3021 17.5778 ][ 14.1041 11.0787 12.8328 23.6583 ]];


tc=[[[ 999999 999999 46.8111 68.2643 ][ 999999 999999 999999 999999 ][ 999999 999999 999999 21.4532 ][ 999999 999999 999999 999999 ]][[ 999999 21.1561 37.7742 999999 ][ 999999 999999 16.6181 35.8672 ][ 999999 999999 999999 999999 ][ 999999 999999 999999 999999 ]]];
