//seed= 3435973836
n= 10 ;
m= 4 ;
F= 2 ;

omega= 9 ;

Stages_1={ 2 3 4 };
Stages_b={ 1 };

m_o=[ 2 1 2 2 ];
rm=#[ <1,1>: 0, <1,2>: 0, <2,1>: 0, <3,1>: 0, <3,2>: 0, <4,1>: 0, <4,2>: 0 ]#;


B_io=[[{ }{ }{ }{ }][{ }{ }{ }{ }]]; 
B_iob=[[[ 0 0 0 0 0 0 0 0 0 0 ][ 0 0 0 0 0 0 0 0 0 0 ][ 0 0 0 0 0 0 0 0 0 0 ][ 0 0 0 0 0 0 0 0 0 0 ]][[ 0 0 0 0 0 0 0 0 0 0 ][ 0 0 0 0 0 0 0 0 0 0 ][ 0 0 0 0 0 0 0 0 0 0 ][ 0 0 0 0 0 0 0 0 0 0 ]]]; 
S_iob=[[[ 0 0 0 0 0 0 0 0 0 0 ][ 0 0 0 0 0 0 0 0 0 0 ][ 0 0 0 0 0 0 0 0 0 0 ][ 0 0 0 0 0 0 0 0 0 0 ]][[ 0 0 0 0 0 0 0 0 0 0 ][ 0 0 0 0 0 0 0 0 0 0 ][ 0 0 0 0 0 0 0 0 0 0 ][ 0 0 0 0 0 0 0 0 0 0 ]]]; 
B=[ 3 ];


d=[ 75.1768 107.497 67.0154 73.3563 67.0969 82.8638 66.52 128.238 97.1291 116.821 ];
r=[ 0 28.5105 0 0 2.39111 6.60991 0 34.52 15.477 26.9229 ];
w=[ 2.16069 1.23526 1.36286 1.52704 1.33955 1.72832 2.09319 2.47766 1.62189 2.55196 ];
f=[ 1 2 1 2 1 2 1 2 1 2 ];
s=[ 1 1 1 1 1 1 1 1 1 1 ];

rts=[{ 1 2 3 4 }{ 1 2 3 4 }];
p=[[ 24.1519 11.3023 16.0785 11.502 ][ 18.3961 10.913 22.8311 20.7413 ]];


tc=[[[ 999999 36.2279 999999 77.2991 ][ 999999 999999 16.9534 999999 ][ 999999 999999 999999 24.1178 ][ 999999 999999 999999 999999 ]][[ 999999 27.5941 43.9636 78.2103 ][ 999999 999999 999999 999999 ][ 999999 999999 999999 999999 ][ 999999 999999 999999 999999 ]]];
