//seed= 3435973836
n= 10 ;
m= 4 ;
F= 2 ;

omega= 9 ;

Stages_1={ 1 2 4 };
Stages_b={ 3 };

m_o=[ 2 2 2 2 ];
rm=#[ <1,1>: 0, <1,2>: 0, <2,1>: 0, <2,2>: 0, <3,1>: 0, <3,2>: 0, <4,1>: 0, <4,2>: 0 ]#;


B_io=[[{ }{ }{ }{ }][{ }{ }{ }{ }]]; 
B_iob=[[[ 0 0 0 0 0 0 0 0 0 0 ][ 0 0 0 0 0 0 0 0 0 0 ][ 0 0 0 0 0 0 0 0 0 0 ][ 0 0 0 0 0 0 0 0 0 0 ]][[ 0 0 0 0 0 0 0 0 0 0 ][ 0 0 0 0 0 0 0 0 0 0 ][ 0 0 0 0 0 0 0 0 0 0 ][ 0 0 0 0 0 0 0 0 0 0 ]]]; 
S_iob=[[[ 0 0 0 0 0 0 0 0 0 0 ][ 0 0 0 0 0 0 0 0 0 0 ][ 0 0 0 0 0 0 0 0 0 0 ][ 0 0 0 0 0 0 0 0 0 0 ]][[ 0 0 0 0 0 0 0 0 0 0 ][ 0 0 0 0 0 0 0 0 0 0 ][ 0 0 0 0 0 0 0 0 0 0 ][ 0 0 0 0 0 0 0 0 0 0 ]]]; 
B=[ 3 ];


d=[ 82.7107 92.2418 74.3118 83.399 105.967 93.9256 111.326 80.5676 82.1859 102.756 ];
r=[ 0 18.5345 0 6.08406 14.7867 11.0192 32.9518 4.85777 0 20.7847 ];
w=[ 1.65926 1.61521 1.84813 1.82465 2.61642 1.65491 1.9694 1.79058 1.46626 2.42459 ];
f=[ 1 2 1 2 1 2 1 2 1 2 ];
s=[ 1 1 1 1 1 1 1 1 1 1 ];

rts=[{ 1 2 3 4 }{ 1 2 3 4 }];
p=[[ 21.5453 19.0361 15.7832 14.1371 ][ 11.4464 23.2474 12.5656 19.3151 ]];


tc=[[[ 999999 32.318 60.8721 84.5469 ][ 999999 999999 28.5541 52.2289 ][ 999999 999999 999999 23.6748 ][ 999999 999999 999999 999999 ]][[ 999999 999999 52.0407 70.889 ][ 999999 999999 34.8711 53.7194 ][ 999999 999999 999999 999999 ][ 999999 999999 999999 999999 ]]];
