//seed= 3435973836
n= 10 ;
m= 5 ;
F= 2 ;

omega= 9 ;

Stages_1={ 1 5 };
Stages_b={ 2 3 4 };

m_o=[ 3 3 2 2 2 ];
rm=#[ <1,1>: 0, <1,2>: 0, <1,3>: 0, <2,1>: 0, <2,2>: 0, <2,3>: 0, <3,1>: 0, <3,2>: 0, <4,1>: 0, <4,2>: 0, <5,1>: 0, <5,2>: 0 ]#;


B_io=[[{ }{ }{ }{ }{ }][{ }{ }{ }{ }{ }]]; 
B_iob=[[[ 0 0 0 0 0 0 0 0 0 0 ][ 0 0 0 0 0 0 0 0 0 0 ][ 0 0 0 0 0 0 0 0 0 0 ][ 0 0 0 0 0 0 0 0 0 0 ][ 0 0 0 0 0 0 0 0 0 0 ]][[ 0 0 0 0 0 0 0 0 0 0 ][ 0 0 0 0 0 0 0 0 0 0 ][ 0 0 0 0 0 0 0 0 0 0 ][ 0 0 0 0 0 0 0 0 0 0 ][ 0 0 0 0 0 0 0 0 0 0 ]]]; 
S_iob=[[[ 0 0 0 0 0 0 0 0 0 0 ][ 0 0 0 0 0 0 0 0 0 0 ][ 0 0 0 0 0 0 0 0 0 0 ][ 0 0 0 0 0 0 0 0 0 0 ][ 0 0 0 0 0 0 0 0 0 0 ]][[ 0 0 0 0 0 0 0 0 0 0 ][ 0 0 0 0 0 0 0 0 0 0 ][ 0 0 0 0 0 0 0 0 0 0 ][ 0 0 0 0 0 0 0 0 0 0 ][ 0 0 0 0 0 0 0 0 0 0 ]]]; 
B=[ 2 2 2 ];


d=[ 129.917 138.552 117.191 132.431 137.999 118.25 141.874 147.325 129.776 111.469 ];
r=[ 22.1165 32.3874 2.21265 12.3851 34.8187 9.10539 29.5106 21.3351 33.9882 1.0602 ];
w=[ 2.58773 1.69413 1.60119 1.0148 1.73653 1.31476 1.42867 2.2521 1.36557 1.69153 ];
f=[ 1 2 1 2 1 2 1 2 1 2 ];
s=[ 1 1 1 1 1 1 1 1 1 1 ];

rts=[{ 1 2 3 4 5 }{ 1 2 3 4 5 }];
p=[[ 19.0781 16.3813 20.4105 22.3626 14.7003 ][ 17.7507 18.8588 19.6546 19.306 24.7287 ]];


tc=[[[ 999999 999999 53.1891 999999 999999 ][ 999999 999999 24.572 55.1878 999999 ][ 999999 999999 999999 30.6158 64.1597 ][ 999999 999999 999999 999999 33.5439 ][ 999999 999999 999999 999999 999999 ]][[ 999999 26.6261 999999 999999 113.355 ][ 999999 999999 999999 57.7701 86.7291 ][ 999999 999999 999999 999999 58.4409 ][ 999999 999999 999999 999999 28.959 ][ 999999 999999 999999 999999 999999 ]]];
