//seed= 3435973836
n= 10 ;
m= 4 ;
F= 2 ;

omega= 9 ;

Stages_1={ 1 2 3 };
Stages_b={ 4 };

m_o=[ 1 2 1 2 ];
rm=#[ <1,1>: 0, <2,1>: 0, <2,2>: 0, <3,1>: 0, <4,1>: 0, <4,2>: 0 ]#;


B_io=[[{ }{ }{ }{ }][{ }{ }{ }{ }]]; 
B_iob=[[[ 0 0 0 0 0 0 0 0 0 0 ][ 0 0 0 0 0 0 0 0 0 0 ][ 0 0 0 0 0 0 0 0 0 0 ][ 0 0 0 0 0 0 0 0 0 0 ]][[ 0 0 0 0 0 0 0 0 0 0 ][ 0 0 0 0 0 0 0 0 0 0 ][ 0 0 0 0 0 0 0 0 0 0 ][ 0 0 0 0 0 0 0 0 0 0 ]]]; 
S_iob=[[[ 0 0 0 0 0 0 0 0 0 0 ][ 0 0 0 0 0 0 0 0 0 0 ][ 0 0 0 0 0 0 0 0 0 0 ][ 0 0 0 0 0 0 0 0 0 0 ]][[ 0 0 0 0 0 0 0 0 0 0 ][ 0 0 0 0 0 0 0 0 0 0 ][ 0 0 0 0 0 0 0 0 0 0 ][ 0 0 0 0 0 0 0 0 0 0 ]]]; 
B=[ 3 ];


d=[ 131.511 83.4215 75.7627 137.514 106.51 139.575 80.197 118.664 77.2327 94.7631 ];
r=[ 59.6003 0 4.48144 43.798 26.0073 60.5179 0 25.1658 0 0 ];
w=[ 2.95551 1.93057 2.42673 1.66342 2.61228 1.07136 2.59593 1.59086 2.11318 2.46888 ];
f=[ 1 2 1 2 1 2 1 2 1 2 ];
s=[ 1 1 1 1 1 1 1 1 1 1 ];

rts=[{ 1 2 3 4 }{ 1 2 3 4 }];
p=[[ 10.2982 19.618 10.1651 23.971 ][ 17.4765 16.0332 23.6912 19.0588 ]];


tc=[[[ 999999 15.4473 44.8743 60.122 ][ 999999 999999 29.427 44.6747 ][ 999999 999999 999999 15.2477 ][ 999999 999999 999999 999999 ]][[ 999999 26.2147 50.2645 85.8013 ][ 999999 999999 24.0497 59.5865 ][ 999999 999999 999999 35.5368 ][ 999999 999999 999999 999999 ]]];
