//seed= 3435973836
n= 10 ;
m= 5 ;
F= 2 ;

omega= 9 ;

Stages_1={ 2 3 4 5 };
Stages_b={ 1 };

m_o=[ 2 2 2 2 2 ];
rm=#[ <1,1>: 0, <1,2>: 0, <2,1>: 0, <2,2>: 0, <3,1>: 0, <3,2>: 0, <4,1>: 0, <4,2>: 0, <5,1>: 0, <5,2>: 0 ]#;


B_io=[[{ }{ }{ }{ }{ }][{ }{ }{ }{ }{ }]]; 
B_iob=[[[ 0 0 0 0 0 0 0 0 0 0 ][ 0 0 0 0 0 0 0 0 0 0 ][ 0 0 0 0 0 0 0 0 0 0 ][ 0 0 0 0 0 0 0 0 0 0 ][ 0 0 0 0 0 0 0 0 0 0 ]][[ 0 0 0 0 0 0 0 0 0 0 ][ 0 0 0 0 0 0 0 0 0 0 ][ 0 0 0 0 0 0 0 0 0 0 ][ 0 0 0 0 0 0 0 0 0 0 ][ 0 0 0 0 0 0 0 0 0 0 ]]]; 
S_iob=[[[ 0 0 0 0 0 0 0 0 0 0 ][ 0 0 0 0 0 0 0 0 0 0 ][ 0 0 0 0 0 0 0 0 0 0 ][ 0 0 0 0 0 0 0 0 0 0 ][ 0 0 0 0 0 0 0 0 0 0 ]][[ 0 0 0 0 0 0 0 0 0 0 ][ 0 0 0 0 0 0 0 0 0 0 ][ 0 0 0 0 0 0 0 0 0 0 ][ 0 0 0 0 0 0 0 0 0 0 ][ 0 0 0 0 0 0 0 0 0 0 ]]]; 
B=[ 3 ];


d=[ 117.441 123.36 137.092 133.717 120.737 103.694 129.437 104.368 105.679 130.086 ];
r=[ 13.6269 26.1662 39.0568 12.198 29.7058 5.74591 23.1018 1.89199 2.45887 16.7522 ];
w=[ 1.50448 1.26667 1.96066 2.78442 2.95994 1.38701 2.61037 2.83992 2.99591 1.07104 ];
f=[ 1 2 1 2 1 2 1 2 1 2 ];
s=[ 1 1 1 1 1 1 1 1 1 1 ];

rts=[{ 1 2 3 4 5 }{ 1 2 3 4 5 }];
p=[[ 21.2904 10.944 23.2582 22.9196 12.3235 ][ 23.9036 20.0582 17.1053 19.6517 14.178 ]];


tc=[[[ 999999 999999 999999 83.2389 117.618 ][ 999999 999999 16.416 999999 999999 ][ 999999 999999 999999 999999 69.2666 ][ 999999 999999 999999 999999 34.3794 ][ 999999 999999 999999 999999 999999 ]][[ 999999 35.8553 65.9426 91.6005 999999 ][ 999999 999999 999999 999999 999999 ][ 999999 999999 999999 25.6579 999999 ][ 999999 999999 999999 999999 999999 ][ 999999 999999 999999 999999 999999 ]]];
