//seed= 3435973836
n= 10 ;
m= 4 ;
F= 2 ;

omega= 9 ;

Stages_1={ 1 3 4 };
Stages_b={ 2 };

m_o=[ 2 1 1 2 ];
rm=#[ <1,1>: 0, <1,2>: 0, <2,1>: 0, <3,1>: 0, <4,1>: 0, <4,2>: 0 ]#;


B_io=[[{ }{ }{ }{ }][{ }{ }{ }{ }]]; 
B_iob=[[[ 0 0 0 0 0 0 0 0 0 0 ][ 0 0 0 0 0 0 0 0 0 0 ][ 0 0 0 0 0 0 0 0 0 0 ][ 0 0 0 0 0 0 0 0 0 0 ]][[ 0 0 0 0 0 0 0 0 0 0 ][ 0 0 0 0 0 0 0 0 0 0 ][ 0 0 0 0 0 0 0 0 0 0 ][ 0 0 0 0 0 0 0 0 0 0 ]]]; 
S_iob=[[[ 0 0 0 0 0 0 0 0 0 0 ][ 0 0 0 0 0 0 0 0 0 0 ][ 0 0 0 0 0 0 0 0 0 0 ][ 0 0 0 0 0 0 0 0 0 0 ]][[ 0 0 0 0 0 0 0 0 0 0 ][ 0 0 0 0 0 0 0 0 0 0 ][ 0 0 0 0 0 0 0 0 0 0 ][ 0 0 0 0 0 0 0 0 0 0 ]]]; 
B=[ 3 ];


d=[ 170.493 151.387 134.636 159.136 143.323 118.143 142.05 133.611 92.5738 106.218 ];
r=[ 84.2986 46.5112 55.2007 54.7311 51.1672 23.1995 63.6111 23.9605 0 0 ];
w=[ 1.93108 2.79666 2.18594 1.91946 1.88773 2.07125 2.26314 2.98617 1.88758 2.27521 ];
f=[ 1 2 1 2 1 2 1 2 1 2 ];
s=[ 1 1 1 1 1 1 1 1 1 1 ];

rts=[{ 1 2 3 4 }{ 1 2 3 4 }];
p=[[ 20.5037 21.2104 16.1539 17.1315 ][ 18.7978 24.6181 24.9813 18.9375 ]];


tc=[[[ 999999 999999 62.5711 86.8019 ][ 999999 999999 999999 999999 ][ 999999 999999 999999 24.2308 ][ 999999 999999 999999 999999 ]][[ 999999 28.1968 999999 102.596 ][ 999999 999999 36.9271 74.399 ][ 999999 999999 999999 37.4719 ][ 999999 999999 999999 999999 ]]];
