//seed= 3435973836
n= 10 ;
m= 4 ;
F= 2 ;

omega= 9 ;

Stages_1={ 1 2 3 };
Stages_b={ 4 };

m_o=[ 1 1 1 1 ];
rm=#[ <1,1>: 0, <2,1>: 0, <3,1>: 0, <4,1>: 0 ]#;


B_io=[[{ }{ }{ }{ }][{ }{ }{ }{ }]]; 
B_iob=[[[ 0 0 0 0 0 0 0 0 0 0 ][ 0 0 0 0 0 0 0 0 0 0 ][ 0 0 0 0 0 0 0 0 0 0 ][ 0 0 0 0 0 0 0 0 0 0 ]][[ 0 0 0 0 0 0 0 0 0 0 ][ 0 0 0 0 0 0 0 0 0 0 ][ 0 0 0 0 0 0 0 0 0 0 ][ 0 0 0 0 0 0 0 0 0 0 ]]]; 
S_iob=[[[ 0 0 0 0 0 0 0 0 0 0 ][ 0 0 0 0 0 0 0 0 0 0 ][ 0 0 0 0 0 0 0 0 0 0 ][ 0 0 0 0 0 0 0 0 0 0 ]][[ 0 0 0 0 0 0 0 0 0 0 ][ 0 0 0 0 0 0 0 0 0 0 ][ 0 0 0 0 0 0 0 0 0 0 ][ 0 0 0 0 0 0 0 0 0 0 ]]]; 
B=[ 3 ];


d=[ 139.056 123.06 94.1327 149.929 84.7524 65.8071 95.0623 68.6668 156.541 79.0966 ];
r=[ 54.0592 48.4624 21.6199 71.4193 0 2.44023 25.711 0.646447 82.7608 2.04001 ];
w=[ 2.23347 2.84312 1.53902 2.13511 1.69265 2.94946 1.37425 2.29943 2.64844 1.46046 ];
f=[ 1 2 1 2 1 2 1 2 1 2 ];
s=[ 1 1 1 1 1 1 1 1 1 1 ];

rts=[{ 1 2 3 4 }{ 1 2 3 4 }];
p=[[ 12.5315 23.6095 10.2516 20.4144 ][ 10.5988 22.0176 17.692 10.3582 ]];


tc=[[[ 999999 18.7972 54.2114 69.5889 ][ 999999 999999 35.4142 999999 ][ 999999 999999 999999 999999 ][ 999999 999999 999999 999999 ]][[ 999999 15.8982 48.9246 75.4627 ][ 999999 999999 999999 59.5645 ][ 999999 999999 999999 999999 ][ 999999 999999 999999 999999 ]]];
