//seed= 3435973836
n= 10 ;
m= 4 ;
F= 2 ;

omega= 9 ;

Stages_1={ 1 3 4 };
Stages_b={ 2 };

m_o=[ 1 2 2 1 ];
rm=#[ <1,1>: 0, <2,1>: 0, <2,2>: 0, <3,1>: 0, <3,2>: 0, <4,1>: 0 ]#;


B_io=[[{ }{ }{ }{ }][{ }{ }{ }{ }]]; 
B_iob=[[[ 0 0 0 0 0 0 0 0 0 0 ][ 0 0 0 0 0 0 0 0 0 0 ][ 0 0 0 0 0 0 0 0 0 0 ][ 0 0 0 0 0 0 0 0 0 0 ]][[ 0 0 0 0 0 0 0 0 0 0 ][ 0 0 0 0 0 0 0 0 0 0 ][ 0 0 0 0 0 0 0 0 0 0 ][ 0 0 0 0 0 0 0 0 0 0 ]]]; 
S_iob=[[[ 0 0 0 0 0 0 0 0 0 0 ][ 0 0 0 0 0 0 0 0 0 0 ][ 0 0 0 0 0 0 0 0 0 0 ][ 0 0 0 0 0 0 0 0 0 0 ]][[ 0 0 0 0 0 0 0 0 0 0 ][ 0 0 0 0 0 0 0 0 0 0 ][ 0 0 0 0 0 0 0 0 0 0 ][ 0 0 0 0 0 0 0 0 0 0 ]]]; 
B=[ 3 ];


d=[ 58.246 138.534 130.666 118.651 110.014 78.3436 81.5187 124.833 60.5954 114.736 ];
r=[ 0 67.8328 63.4413 30.4449 55.0929 0 17.1275 46.2465 0 35.1339 ];
w=[ 1.99779 2.60498 1.6004 2.89577 1.74439 1.38783 2.68151 2.76302 2.70607 1.76266 ];
f=[ 1 2 1 2 1 2 1 2 1 2 ];
s=[ 1 1 1 1 1 1 1 1 1 1 ];

rts=[{ 1 2 3 4 }{ 1 2 3 4 }];
p=[[ 16.5219 11.2375 13.5197 13.4054 ][ 22.2759 16.7444 10.204 20.5619 ]];


tc=[[[ 999999 24.7829 41.6391 61.9186 ][ 999999 999999 16.8562 37.1357 ][ 999999 999999 999999 999999 ][ 999999 999999 999999 999999 ]][[ 999999 33.4139 58.5305 73.8365 ][ 999999 999999 25.1166 40.4226 ][ 999999 999999 999999 15.306 ][ 999999 999999 999999 999999 ]]];
