//seed= 3435973836
n= 10 ;
m= 4 ;
F= 2 ;

omega= 9 ;

Stages_1={ 1 3 4 };
Stages_b={ 2 };

m_o=[ 2 1 2 2 ];
rm=#[ <1,1>: 0, <1,2>: 0, <2,1>: 0, <3,1>: 0, <3,2>: 0, <4,1>: 0, <4,2>: 0 ]#;


B_io=[[{ }{ }{ }{ }][{ }{ }{ }{ }]]; 
B_iob=[[[ 0 0 0 0 0 0 0 0 0 0 ][ 0 0 0 0 0 0 0 0 0 0 ][ 0 0 0 0 0 0 0 0 0 0 ][ 0 0 0 0 0 0 0 0 0 0 ]][[ 0 0 0 0 0 0 0 0 0 0 ][ 0 0 0 0 0 0 0 0 0 0 ][ 0 0 0 0 0 0 0 0 0 0 ][ 0 0 0 0 0 0 0 0 0 0 ]]]; 
S_iob=[[[ 0 0 0 0 0 0 0 0 0 0 ][ 0 0 0 0 0 0 0 0 0 0 ][ 0 0 0 0 0 0 0 0 0 0 ][ 0 0 0 0 0 0 0 0 0 0 ]][[ 0 0 0 0 0 0 0 0 0 0 ][ 0 0 0 0 0 0 0 0 0 0 ][ 0 0 0 0 0 0 0 0 0 0 ][ 0 0 0 0 0 0 0 0 0 0 ]]]; 
B=[ 3 ];


d=[ 124.522 134.535 167.418 83.4445 139.377 90.638 125.497 126.116 142.85 101.053 ];
r=[ 34.0307 49.3003 65.9613 0 48.4917 10.7881 19.9141 54.308 35.2603 31.3593 ];
w=[ 1.67123 1.08459 1.34992 2.85393 1.23643 1.06509 2.14662 2.04351 2.30957 1.13428 ];
f=[ 1 2 1 2 1 2 1 2 1 2 ];
s=[ 1 1 1 1 1 1 1 1 1 1 ];

rts=[{ 1 2 3 4 }{ 1 2 3 4 }];
p=[[ 21.1455 20.9425 19.0008 22.7072 ][ 16.2653 16.098 14.0778 19.7133 ]];


tc=[[[ 999999 31.7183 63.1321 91.6333 ][ 999999 999999 31.4138 59.915 ][ 999999 999999 999999 28.5012 ][ 999999 999999 999999 999999 ]][[ 999999 999999 48.5448 69.6615 ][ 999999 999999 24.147 999999 ][ 999999 999999 999999 21.1166 ][ 999999 999999 999999 999999 ]]];
