//seed= 3435973836
n= 10 ;
m= 4 ;
F= 2 ;

omega= 9 ;

Stages_1={ 1 3 4 };
Stages_b={ 2 };

m_o=[ 2 1 1 2 ];
rm=#[ <1,1>: 0, <1,2>: 0, <2,1>: 0, <3,1>: 0, <4,1>: 0, <4,2>: 0 ]#;


B_io=[[{ }{ }{ }{ }][{ }{ }{ }{ }]]; 
B_iob=[[[ 0 0 0 0 0 0 0 0 0 0 ][ 0 0 0 0 0 0 0 0 0 0 ][ 0 0 0 0 0 0 0 0 0 0 ][ 0 0 0 0 0 0 0 0 0 0 ]][[ 0 0 0 0 0 0 0 0 0 0 ][ 0 0 0 0 0 0 0 0 0 0 ][ 0 0 0 0 0 0 0 0 0 0 ][ 0 0 0 0 0 0 0 0 0 0 ]]]; 
S_iob=[[[ 0 0 0 0 0 0 0 0 0 0 ][ 0 0 0 0 0 0 0 0 0 0 ][ 0 0 0 0 0 0 0 0 0 0 ][ 0 0 0 0 0 0 0 0 0 0 ]][[ 0 0 0 0 0 0 0 0 0 0 ][ 0 0 0 0 0 0 0 0 0 0 ][ 0 0 0 0 0 0 0 0 0 0 ][ 0 0 0 0 0 0 0 0 0 0 ]]]; 
B=[ 3 ];


d=[ 76.4597 75.327 89.681 131.88 95.9773 145.852 82.173 135.127 82.7464 89.4064 ];
r=[ 0 0 19.1337 56.6508 21.6543 56.7681 13.9741 48.3301 0 0 ];
w=[ 2.9463 2.48636 2.246 2.14804 1.84487 2.6447 1.23654 2.08014 1.33413 1.00995 ];
f=[ 1 2 1 2 1 2 1 2 1 2 ];
s=[ 1 1 1 1 1 1 1 1 1 1 ];

rts=[{ 1 2 3 4 }{ 1 2 3 4 }];
p=[[ 17.6305 13.4966 21.0313 13.0561 ][ 12.4062 24.022 16.4269 18.6557 ]];


tc=[[[ 999999 26.4457 999999 78.2377 ][ 999999 999999 999999 51.7919 ][ 999999 999999 999999 31.547 ][ 999999 999999 999999 999999 ]][[ 999999 18.6093 54.6423 999999 ][ 999999 999999 999999 60.6733 ][ 999999 999999 999999 24.6403 ][ 999999 999999 999999 999999 ]]];
