//seed= 3435973836
n= 10 ;
m= 5 ;
F= 2 ;

omega= 9 ;

Stages_1={ 2 3 };
Stages_b={ 1 4 5 };

m_o=[ 3 2 2 2 2 ];
rm=#[ <1,1>: 0, <1,2>: 0, <1,3>: 0, <2,1>: 0, <2,2>: 0, <3,1>: 0, <3,2>: 0, <4,1>: 0, <4,2>: 0, <5,1>: 0, <5,2>: 0 ]#;


B_io=[[{ }{ }{ }{ }{ }][{ }{ }{ }{ }{ }]]; 
B_iob=[[[ 0 0 0 0 0 0 0 0 0 0 ][ 0 0 0 0 0 0 0 0 0 0 ][ 0 0 0 0 0 0 0 0 0 0 ][ 0 0 0 0 0 0 0 0 0 0 ][ 0 0 0 0 0 0 0 0 0 0 ]][[ 0 0 0 0 0 0 0 0 0 0 ][ 0 0 0 0 0 0 0 0 0 0 ][ 0 0 0 0 0 0 0 0 0 0 ][ 0 0 0 0 0 0 0 0 0 0 ][ 0 0 0 0 0 0 0 0 0 0 ]]]; 
S_iob=[[[ 0 0 0 0 0 0 0 0 0 0 ][ 0 0 0 0 0 0 0 0 0 0 ][ 0 0 0 0 0 0 0 0 0 0 ][ 0 0 0 0 0 0 0 0 0 0 ][ 0 0 0 0 0 0 0 0 0 0 ]][[ 0 0 0 0 0 0 0 0 0 0 ][ 0 0 0 0 0 0 0 0 0 0 ][ 0 0 0 0 0 0 0 0 0 0 ][ 0 0 0 0 0 0 0 0 0 0 ][ 0 0 0 0 0 0 0 0 0 0 ]]]; 
B=[ 2 2 2 ];


d=[ 134 116 135 108 146 157 159 114 111 142 ];
r=[ 11 18 29 6 32 38 32 9 3 40 ];
w=[ 2.98617 2.56217 1.73882 2.78904 2.6904 2.65948 2.13352 1.38715 1.06247 1.21155 ];
f=[ 1 2 1 2 1 2 1 2 1 2 ];
s=[ 1 1 1 1 1 1 1 1 1 1 ];

rts=[{ 1 2 3 4 5 }{ 1 2 3 4 5 }];
p=[[ 17 17 23 18 23 ][ 20 20 20 19 13 ]];


tc=[[[ 999999 999999 999999 86 113 ][ 999999 999999 999999 999999 999999 ][ 999999 999999 999999 35 999999 ][ 999999 999999 999999 999999 999999 ][ 999999 999999 999999 999999 999999 ]][[ 999999 999999 999999 90 999999 ][ 999999 999999 30 999999 999999 ][ 999999 999999 999999 30 999999 ][ 999999 999999 999999 999999 999999 ][ 999999 999999 999999 999999 999999 ]]];
