//seed= 3435973836
n= 10 ;
m= 4 ;
F= 2 ;

omega= 9 ;

Stages_1={ 1 2 4 };
Stages_b={ 3 };

m_o=[ 2 2 2 1 ];
rm=#[ <1,1>: 0, <1,2>: 0, <2,1>: 0, <2,2>: 0, <3,1>: 0, <3,2>: 0, <4,1>: 0 ]#;


B_io=[[{ }{ }{ }{ }][{ }{ }{ }{ }]]; 
B_iob=[[[ 0 0 0 0 0 0 0 0 0 0 ][ 0 0 0 0 0 0 0 0 0 0 ][ 0 0 0 0 0 0 0 0 0 0 ][ 0 0 0 0 0 0 0 0 0 0 ]][[ 0 0 0 0 0 0 0 0 0 0 ][ 0 0 0 0 0 0 0 0 0 0 ][ 0 0 0 0 0 0 0 0 0 0 ][ 0 0 0 0 0 0 0 0 0 0 ]]]; 
S_iob=[[[ 0 0 0 0 0 0 0 0 0 0 ][ 0 0 0 0 0 0 0 0 0 0 ][ 0 0 0 0 0 0 0 0 0 0 ][ 0 0 0 0 0 0 0 0 0 0 ]][[ 0 0 0 0 0 0 0 0 0 0 ][ 0 0 0 0 0 0 0 0 0 0 ][ 0 0 0 0 0 0 0 0 0 0 ][ 0 0 0 0 0 0 0 0 0 0 ]]]; 
B=[ 3 ];


d=[ 120.127 85.7046 99.2789 94.7544 90.5571 62.0121 90.1173 88.1396 110.795 59.5164 ];
r=[ 22.9973 15.8668 18.5243 30.9787 0 0.754433 7.54169 26.8026 11.497 0.0813818 ];
w=[ 2.99978 1.03458 2.07037 1.20828 2.30452 1.43101 2.35653 1.34041 1.58547 1.34581 ];
f=[ 1 2 1 2 1 2 1 2 1 2 ];
s=[ 1 1 1 1 1 1 1 1 1 1 ];

rts=[{ 1 2 3 4 }{ 1 2 3 4 }];
p=[[ 18.8541 23.9196 21.9364 13.6556 ][ 16.9602 15.665 14.557 10.8801 ]];


tc=[[[ 999999 28.2811 999999 97.0651 ][ 999999 999999 999999 999999 ][ 999999 999999 999999 32.9046 ][ 999999 999999 999999 999999 ]][[ 999999 999999 48.9377 70.7732 ][ 999999 999999 23.4975 45.333 ][ 999999 999999 999999 21.8355 ][ 999999 999999 999999 999999 ]]];
