//seed= 3435973836
n= 10 ;
m= 4 ;
F= 2 ;

omega= 9 ;

Stages_1={ 1 3 4 };
Stages_b={ 2 };

m_o=[ 2 1 1 1 ];
rm=#[ <1,1>: 0, <1,2>: 0, <2,1>: 0, <3,1>: 0, <4,1>: 0 ]#;


B_io=[[{ }{ }{ }{ }][{ }{ }{ }{ }]]; 
B_iob=[[[ 0 0 0 0 0 0 0 0 0 0 ][ 0 0 0 0 0 0 0 0 0 0 ][ 0 0 0 0 0 0 0 0 0 0 ][ 0 0 0 0 0 0 0 0 0 0 ]][[ 0 0 0 0 0 0 0 0 0 0 ][ 0 0 0 0 0 0 0 0 0 0 ][ 0 0 0 0 0 0 0 0 0 0 ][ 0 0 0 0 0 0 0 0 0 0 ]]]; 
S_iob=[[[ 0 0 0 0 0 0 0 0 0 0 ][ 0 0 0 0 0 0 0 0 0 0 ][ 0 0 0 0 0 0 0 0 0 0 ][ 0 0 0 0 0 0 0 0 0 0 ]][[ 0 0 0 0 0 0 0 0 0 0 ][ 0 0 0 0 0 0 0 0 0 0 ][ 0 0 0 0 0 0 0 0 0 0 ][ 0 0 0 0 0 0 0 0 0 0 ]]]; 
B=[ 3 ];


d=[ 55.8684 84.6717 125.049 98.475 102.858 126.422 68.5281 114.713 89.5644 69.1568 ];
r=[ 0 8.14008 63.7232 24.7692 41.1117 41.2149 0 41.0029 31.1773 0 ];
w=[ 1.88884 2.96711 2.79112 2.40511 1.04643 2.55153 2.51873 1.50181 1.4815 1.67172 ];
f=[ 1 2 1 2 1 2 1 2 1 2 ];
s=[ 1 1 1 1 1 1 1 1 1 1 ];

rts=[{ 1 2 3 4 }{ 1 2 3 4 }];
p=[[ 12.376 13.2082 16.6418 11.0163 ][ 14.4067 10.5221 17.1889 23.6404 ]];


tc=[[[ 999999 18.564 999999 63.3388 ][ 999999 999999 999999 44.7749 ][ 999999 999999 999999 24.9626 ][ 999999 999999 999999 999999 ]][[ 999999 21.6101 999999 63.1766 ][ 999999 999999 15.7832 41.5666 ][ 999999 999999 999999 999999 ][ 999999 999999 999999 999999 ]]];
